   1.0000000000000000E-004   1.0202000000000000E-004   426.44383318793120     
   1.0202000000000000E-004   1.0408000000000001E-004   434.70747635709870     
   1.0408000000000001E-004   1.0618000000000000E-004   443.15302362118507     
   1.0618000000000000E-004   1.0833000000000000E-004   451.77181288043204     
   1.0833000000000000E-004   1.1052000000000001E-004   460.52053363604961     
   1.1052000000000001E-004   1.1275000000000000E-004   469.48580688561822     
   1.1275000000000000E-004   1.1503000000000000E-004   478.58101163155732     
   1.1503000000000000E-004   1.1735000000000001E-004   487.89276887144734     
   1.1735000000000001E-004   1.1972000000000000E-004   497.33445760770798     
   1.1972000000000000E-004   1.2213999999999999E-004   506.99269883791948     
   1.2213999999999999E-004   1.2460999999999999E-004   516.82418206329169     
   1.2460999999999999E-004   1.2711999999999999E-004   526.87221778261483     
   1.2711999999999999E-004   1.2968999999999999E-004   537.09349549709884     
   1.2968999999999999E-004   1.3231000000000001E-004   547.53132570553373     
   1.3231000000000001E-004   1.3499000000000001E-004   558.14239790912927     
   1.3499000000000001E-004   1.3771000000000001E-004   568.97002260667591     
   1.3771000000000001E-004   1.4049000000000001E-004   580.01419979817331     
   1.4049000000000001E-004   1.4333000000000000E-004   591.27492948362169     
   1.4333000000000000E-004   1.4622999999999999E-004   602.75221166302106     
   1.4622999999999999E-004   1.4918000000000000E-004   614.44604633637130     
   1.4918000000000000E-004   1.5220000000000001E-004   626.35643350367252     
   1.5220000000000001E-004   1.5527000000000000E-004   638.52668366371483     
   1.5527000000000000E-004   1.5841000000000000E-004   650.91348631770802     
   1.5841000000000000E-004   1.6160999999999999E-004   663.51684146565231     
   1.6160999999999999E-004   1.6487000000000001E-004   676.38005960633757     
   1.6487000000000001E-004   1.6820000000000000E-004   689.50314073976404     
   1.6820000000000000E-004   1.7160000000000000E-004   702.88608486593148     
   1.7160000000000000E-004   1.7506999999999999E-004   716.52889198484013     
   1.7506999999999999E-004   1.7860000000000000E-004   730.38825159769965     
   1.7860000000000000E-004   1.8221000000000001E-004   744.55078470209060     
   1.8221000000000001E-004   1.8589000000000000E-004   759.01649129801274     
   1.8589000000000000E-004   1.8965000000000000E-004   773.74206088667620     
   1.8965000000000000E-004   1.9348000000000000E-004   788.68418296929042     
   1.9348000000000000E-004   1.9739000000000001E-004   804.01609954101627     
   1.9739000000000001E-004   2.0138000000000000E-004   819.60787910548333     
   2.0138000000000000E-004   2.0544000000000001E-004   835.45952166269149     
   2.0544000000000001E-004   2.0959000000000000E-004   851.65764821022105     
   2.0959000000000000E-004   2.1383000000000000E-004   868.15894824928205     
   2.1383000000000000E-004   2.1814999999999999E-004   884.96342177987424     
   2.1814999999999999E-004   2.2254999999999999E-004   902.15768979957829     
   2.2254999999999999E-004   2.2704999999999999E-004   919.56851031323311     
   2.2704999999999999E-004   2.3164000000000000E-004   937.36912531599944     
   2.3164000000000000E-004   2.3631999999999999E-004   955.55953480787775     
   2.3631999999999999E-004   2.4109000000000001E-004   974.05311779128726     
   2.4109000000000001E-004   2.4595999999999998E-004   992.89318476501819     
   2.4595999999999998E-004   2.5093000000000001E-004   1012.1663567266511     
   2.5093000000000001E-004   2.5599999999999999E-004   1031.7427021798153     
   2.5599999999999999E-004   2.6117000000000002E-004   1051.7088421220910     
   2.6117000000000002E-004   2.6645000000000000E-004   1072.0647765534784     
   2.6645000000000000E-004   2.7182999999999998E-004   1092.7671949751875     
   2.7182999999999998E-004   2.7732000000000001E-004   1113.9027183847984     
   2.7732000000000001E-004   2.8291999999999998E-004   1135.4280362835209     
   2.8291999999999998E-004   2.8864000000000000E-004   1157.3864591701451     
   2.8864000000000000E-004   2.9447000000000002E-004   1179.7346765458813     
   2.9447000000000002E-004   3.0041999999999997E-004   1202.5593094083094     
   3.0041999999999997E-004   3.0648999999999997E-004   1225.8170472586391     
   3.0648999999999997E-004   3.1268000000000002E-004   1249.5078900968711     
   3.1268000000000002E-004   3.1899000000000001E-004   1273.6318379230047     
   3.1899000000000001E-004   3.2543999999999997E-004   1298.2322012358304     
   3.2543999999999997E-004   3.3200999999999999E-004   1323.2656695365583     
   3.3200999999999999E-004   3.3871999999999998E-004   1348.7755533239776     
   3.3871999999999998E-004   3.4556000000000002E-004   1374.8484735956702     
   3.4556000000000002E-004   3.5253999999999998E-004   1401.3544988552640     
   3.5253999999999998E-004   3.5965999999999998E-004   1428.4235605991305     
   3.5965999999999998E-004   3.6693000000000001E-004   1455.9257273308986     
   3.6693000000000001E-004   3.7434000000000002E-004   1483.9909305469391     
   3.7434000000000002E-004   3.8190000000000001E-004   1512.6191702472522     
   3.8190000000000001E-004   3.8962000000000003E-004   1541.7238254342576     
   3.8962000000000003E-004   3.9749000000000002E-004   1571.4348276043252     
   3.9749000000000002E-004   4.0551999999999998E-004   1601.7088662586655     
   4.0551999999999998E-004   4.1371000000000002E-004   1632.5459413972783     
   4.1371000000000002E-004   4.2206999999999998E-004   1663.9027425213728     
   4.2206999999999998E-004   4.3060000000000000E-004   1695.9092011273203     
   4.3060000000000000E-004   4.3929000000000000E-004   1728.6086277139107     
   4.3929000000000000E-004   4.4817000000000001E-004   1761.7411592884034     
   4.4817000000000001E-004   4.5721999999999999E-004   1795.6532798411190     
   4.5721999999999999E-004   4.6645999999999998E-004   1830.1284368781073     
   4.6645999999999998E-004   4.7587999999999998E-004   1865.2965618957385     
   4.7587999999999998E-004   4.8549999999999998E-004   1901.0277233976421     
   4.8549999999999998E-004   4.9529999999999995E-004   1937.4951633789785     
   4.9529999999999995E-004   5.0531000000000003E-004   1974.6555713409587     
   5.0531000000000003E-004   5.1552000000000000E-004   2012.5089472835812     
   5.1552000000000000E-004   5.2592999999999997E-004   2051.0552912068470     
   5.2592999999999997E-004   5.3656000000000005E-004   2090.2946031107554     
   5.3656000000000005E-004   5.4739000000000003E-004   2130.3135039928879     
   5.4739000000000003E-004   5.5845000000000005E-004   2170.9820623568726     
   5.5845000000000005E-004   5.6972999999999995E-004   2212.4735201978706     
   5.6972999999999995E-004   5.8124000000000001E-004   2254.7878775158829     
   5.8124000000000001E-004   5.9299000000000005E-004   2297.7952028145373     
   5.9299000000000005E-004   6.0495999999999998E-004   2341.6687380889966     
   6.0495999999999998E-004   6.1718999999999999E-004   2386.3218623416778     
   6.1718999999999999E-004   6.2965000000000004E-004   2431.7978860713733     
   6.2965000000000004E-004   6.4236999999999996E-004   2478.0534987792921     
   6.4236999999999996E-004   6.5534999999999996E-004   2525.2186319618049     
   6.5534999999999996E-004   6.6859000000000005E-004   2573.2499751201212     
   6.6859000000000005E-004   6.8210000000000005E-004   2622.1042177554514     
   6.8210000000000005E-004   6.9587999999999996E-004   2671.9112913641657     
   6.9587999999999996E-004   7.0993000000000000E-004   2722.6278854474735     
   7.0993000000000000E-004   7.2426999999999995E-004   2774.2973105041651     
   7.2426999999999995E-004   7.3890999999999996E-004   2826.7896350378714     
   7.3890999999999996E-004   7.5383000000000004E-004   2880.3647220413318     
   7.5383000000000004E-004   7.6906000000000001E-004   2934.7627085218051     
   7.6906000000000001E-004   7.8459999999999999E-004   2990.2867679708247     
   7.8459999999999999E-004   8.0044999999999997E-004   3046.7203478944371     
   8.0044999999999997E-004   8.1662000000000000E-004   3104.2366902878039     
   8.1662000000000000E-004   8.3310999999999997E-004   3162.7491741533458     
   8.3310999999999997E-004   8.4993999999999998E-004   3222.2577994910612     
   8.4993999999999998E-004   8.6711000000000004E-004   3282.8491872985323     
   8.6711000000000004E-004   8.8462999999999996E-004   3344.4800270769674     
   8.8462999999999996E-004   9.0249999999999998E-004   3407.3235608215273     
   9.0249999999999998E-004   9.2073000000000003E-004   3471.2498570358425     
   9.2073000000000003E-004   9.3933000000000005E-004   3536.2156052211203     
   9.3933000000000005E-004   9.5830999999999998E-004   3602.3507368737360     
   9.5830999999999998E-004   9.7766999999999993E-004   3669.6552519936845     
   9.7766999999999993E-004   9.9741999999999995E-004   3738.1724610797596     
   9.9741999999999995E-004   1.0176000000000000E-003   3807.8590536331681     
   1.0176000000000000E-003   1.0380999999999999E-003   3878.8016506514932     
   1.0380999999999999E-003   1.0591000000000001E-003   3950.8703206383634     
   1.0591000000000001E-003   1.0805000000000001E-003   4024.2383055889404     
   1.0805000000000001E-003   1.1023000000000001E-003   4098.8622950044310     
   1.1023000000000001E-003   1.1245999999999999E-003   4174.7855993836256     
   1.1245999999999999E-003   1.1473000000000000E-003   4251.9649082277374     
   1.1473000000000000E-003   1.1705000000000001E-003   4330.5301530331344     
   1.1705000000000001E-003   1.1941000000000000E-003   4410.3080918046580     
   1.1941000000000000E-003   1.2182000000000000E-003   4491.7318295302093     
   1.2182000000000000E-003   1.2428999999999999E-003   4574.0217772315627     
   1.2428999999999999E-003   1.2680000000000000E-003   4658.0441448845240     
   1.2680000000000000E-003   1.2936000000000000E-003   4743.3658275011894     
   1.2936000000000000E-003   1.3197000000000000E-003   4829.9868250815625     
   1.3197000000000000E-003   1.3464000000000000E-003   4918.3402426135426     
   1.3464000000000000E-003   1.3736000000000000E-003   5007.9929751092286     
   1.3736000000000000E-003   1.4013000000000001E-003   5098.9450225686187     
   1.4013000000000001E-003   1.4296000000000001E-003   5191.6294899796167     
   1.4296000000000001E-003   1.4584999999999999E-003   5285.6132723543224     
   1.4584999999999999E-003   1.4880000000000000E-003   5381.3294746806341     
   1.4880000000000000E-003   1.5180000000000000E-003   5478.3449919706500     
   1.5180000000000000E-003   1.5487000000000001E-003   5577.0929292122755     
   1.5487000000000001E-003   1.5800000000000000E-003   5677.1401814176033     
   1.5800000000000000E-003   1.6119000000000001E-003   5778.9198535745418     
   1.6119000000000001E-003   1.6444999999999999E-003   5882.4319456830854     
   1.6444999999999999E-003   1.6777000000000001E-003   5987.2433527553385     
   1.6777000000000001E-003   1.7116000000000000E-003   6093.7871797791959     
   1.7116000000000000E-003   1.7462000000000001E-003   6202.0634267546620     
   1.7462000000000001E-003   1.7814000000000000E-003   6312.0720936817343     
   1.7814000000000000E-003   1.8174000000000000E-003   6423.3800755725115     
   1.8174000000000000E-003   1.8541000000000000E-003   6536.4204774148993     
   1.8541000000000000E-003   1.8916000000000000E-003   6651.1932992088923     
   1.8916000000000000E-003   1.9298000000000000E-003   6768.1316459423933     
   1.9298000000000000E-003   1.9688000000000002E-003   6886.3693076396048     
   1.9688000000000002E-003   2.0086000000000001E-003   7006.3393892884196     
   2.0086000000000001E-003   2.0490999999999999E-003   7128.0418908888414     
   2.0490999999999999E-003   2.0904999999999999E-003   7251.4768124408702     
   2.0904999999999999E-003   2.1327999999999998E-003   7376.6441539445086     
   2.1327999999999998E-003   2.1757999999999999E-003   7503.5439153997568     
   2.1757999999999999E-003   2.2198000000000001E-003   7632.1760968066092     
   2.2198000000000001E-003   2.2645999999999999E-003   7762.5406981650685     
   2.2645999999999999E-003   2.3104000000000002E-003   7894.6377194751376     
   2.3104000000000002E-003   2.3571000000000000E-003   8028.4671607368118     
   2.3571000000000000E-003   2.4047000000000001E-003   8164.4621269379950     
   2.4047000000000001E-003   2.4532999999999998E-003   8301.3233031149866     
   2.4532999999999998E-003   2.5027999999999999E-003   8441.2162142072866     
   2.5027999999999999E-003   2.5533999999999999E-003   8581.9753352753924     
   2.5533999999999999E-003   2.6050000000000001E-003   8724.8999812830043     
   2.6050000000000001E-003   2.6576000000000000E-003   8869.5570472422278     
   2.6576000000000000E-003   2.7112999999999998E-003   9015.5134281651535     
   2.7112999999999998E-003   2.7659999999999998E-003   9164.0684390154947     
   2.7659999999999998E-003   2.8219000000000000E-003   9313.4896598416381     
   2.8219000000000000E-003   2.8789000000000002E-003   9465.5095105951914     
   2.8789000000000002E-003   2.9371000000000002E-003   9618.8286763124470     
   2.9371000000000002E-003   2.9964000000000002E-003   9773.8802619813141     
   2.9964000000000002E-003   3.0569000000000000E-003   9930.2311626138853     
   3.0569000000000000E-003   3.1186999999999999E-003   10089.180693173870     
   3.1186999999999999E-003   3.1817000000000000E-003   10249.429538697557     
   3.1817000000000000E-003   3.2460000000000002E-003   10411.410804172858     
   3.2460000000000002E-003   3.3115000000000002E-003   10574.691384611859     
   3.3115000000000002E-003   3.3784000000000002E-003   10739.704385002466     
   3.3784000000000002E-003   3.4467000000000000E-003   10906.449805344684     
   3.4467000000000000E-003   3.5163000000000000E-003   11074.927645638509     
   3.5163000000000000E-003   3.5874000000000001E-003   11244.704800896041     
   3.5874000000000001E-003   3.6597999999999999E-003   11416.647481093078     
   3.6597999999999999E-003   3.7337999999999998E-003   11589.456371265920     
   3.7337999999999998E-003   3.8092000000000000E-003   11763.564576402470     
   3.8092000000000000E-003   3.8861000000000000E-003   11939.405201490623     
   3.8861000000000000E-003   3.9646000000000004E-003   12116.545141542485     
   3.9646000000000004E-003   4.0447000000000000E-003   12295.417501545955     
   4.0447000000000000E-003   4.1263999999999997E-003   12475.156071525231     
   4.1263999999999997E-003   4.2097999999999997E-003   12656.193956468207     
   4.2097999999999997E-003   4.2947999999999997E-003   12838.964261362795     
   4.2947999999999997E-003   4.3816000000000003E-003   13022.167671245277     
   4.3816000000000003E-003   4.4701000000000003E-003   13207.536606067277     
   4.4701000000000003E-003   4.5604000000000000E-003   13392.905540889275     
   4.5604000000000000E-003   4.6525000000000004E-003   13579.573790674973     
   4.6525000000000004E-003   4.7464999999999999E-003   13767.541355424382     
   4.7464999999999999E-003   4.8424000000000002E-003   13956.808235137501     
   4.8424000000000002E-003   4.9401999999999996E-003   14146.075114850613     
   4.9401999999999996E-003   5.0400000000000002E-003   14335.775099551629     
   5.0400000000000002E-003   5.1418999999999996E-003   14527.207504204249     
   5.1418999999999996E-003   5.2456999999999998E-003   14718.206803868969     
   5.2456999999999998E-003   5.3517000000000000E-003   14910.072313509496     
   5.3517000000000000E-003   5.4597999999999999E-003   15102.804033125823     
   5.4597999999999999E-003   5.5700999999999997E-003   15295.535752742153     
   5.5700999999999997E-003   5.6826000000000003E-003   15489.133682334283     
   5.6826000000000003E-003   5.7974000000000003E-003   15681.865401950612     
   5.7974000000000003E-003   5.9144999999999996E-003   15875.463331542745     
   5.9144999999999996E-003   6.0340000000000003E-003   16068.628156146975     
   6.0340000000000003E-003   6.1558999999999997E-003   16261.359875763303     
   6.1558999999999997E-003   6.2802999999999999E-003   16454.957805355432     
   6.2802999999999999E-003   6.4072000000000000E-003   16646.823314995960     
   6.4072000000000000E-003   6.5366000000000000E-003   16838.688824636483     
   6.5366000000000000E-003   6.6686000000000002E-003   17030.987439264911     
   6.6686000000000002E-003   6.8033000000000000E-003   17221.120528953830     
   6.8033000000000000E-003   6.9407999999999996E-003   17410.820513654849     
   6.9407999999999996E-003   7.0809999999999996E-003   17599.654288380061     
   7.0809999999999996E-003   7.2240000000000004E-003   17788.054958117369     
   7.2240000000000004E-003   7.3699999999999998E-003   17974.290102915162     
   7.3699999999999998E-003   7.5189000000000002E-003   18159.225932749261     
   7.5189000000000002E-003   7.6708000000000002E-003   18341.996237643849     
   7.6708000000000002E-003   7.8256999999999997E-003   18523.900332562629     
   7.8256999999999997E-003   7.9837999999999992E-003   18703.638902541901     
   7.9837999999999992E-003   8.1451000000000006E-003   18881.645052569562     
   8.1451000000000006E-003   8.3096000000000003E-003   19057.485677657722     
   8.3096000000000003E-003   8.4775000000000007E-003   19230.294567830570     
   8.4775000000000007E-003   8.6487999999999999E-003   19400.504828075995     
   8.6487999999999999E-003   8.8234999999999997E-003   19568.549563381916     
   8.8234999999999997E-003   9.0016999999999996E-003   19733.562563772528     
   9.0016999999999996E-003   9.1836000000000001E-003   19894.677619272021     
   9.1836000000000001E-003   9.3691000000000000E-003   20053.627149832002     
   9.3691000000000000E-003   9.5583000000000005E-003   20207.812525525067     
   9.5583000000000005E-003   9.7514000000000003E-003   20358.533061314920     
   9.7514000000000003E-003   9.9483999999999996E-003   20505.788757201542     
   9.9483999999999996E-003   1.0149000000000000E-002   20648.713403209164     
   1.0149000000000000E-002   1.0354000000000000E-002   20787.306999337758     
   1.0354000000000000E-002   1.0564000000000000E-002   20920.703335611532     
   1.0564000000000000E-002   1.0777000000000000E-002   21050.201726994186     
   1.0777000000000000E-002   1.0995000000000000E-002   21173.636648546217     
   1.0995000000000000E-002   1.1217000000000000E-002   21292.307415231327     
   1.1217000000000000E-002   1.1443000000000000E-002   21405.347817073711     
   1.1443000000000000E-002   1.1675000000000000E-002   21512.757854073378     
   1.1675000000000000E-002   1.1910000000000000E-002   21613.671316254513     
   1.1910000000000000E-002   1.2151000000000000E-002   21709.387518580817     
   1.2151000000000000E-002   1.2397000000000000E-002   21797.307831124905     
   1.2397000000000000E-002   1.2647000000000000E-002   21878.731568850453     
   1.2647000000000000E-002   1.2902000000000000E-002   21953.658731757470     
   1.2902000000000000E-002   1.3162999999999999E-002   22021.656214858063     
   1.3162999999999999E-002   1.3429000000000000E-002   22081.424703188521     
   1.3429000000000000E-002   1.3700000000000000E-002   22133.830406724643     
   1.3700000000000000E-002   1.3977000000000000E-002   22178.007115490633     
   1.3977000000000000E-002   1.4259000000000001E-002   22214.387934474387     
   1.4259000000000001E-002   1.4546999999999999E-002   22242.106653700102     
   1.4546999999999999E-002   1.4841000000000000E-002   22261.163273167796     
   1.4841000000000000E-002   1.5141000000000000E-002   22271.124687889533     
   1.5141000000000000E-002   1.5447000000000001E-002   22272.857107841141     
   1.5447000000000001E-002   1.5758999999999999E-002   22264.195008083108     
   1.5758999999999999E-002   1.6077000000000001E-002   22246.437703579133     
   1.6077000000000001E-002   1.6402000000000000E-002   22219.585194329211     
   1.6402000000000000E-002   1.6733999999999999E-002   22182.771270357563     
   1.6733999999999999E-002   1.7072000000000000E-002   22135.562826676251     
   1.7072000000000000E-002   1.7416000000000001E-002   22077.526758297405     
   1.7416000000000001E-002   1.7767999999999999E-002   22009.962380184712     
   1.7767999999999999E-002   1.8127000000000001E-002   21932.003482362379     
   1.8127000000000001E-002   1.8492999999999999E-002   21843.216959842503     
   1.8492999999999999E-002   1.8866999999999998E-002   21744.035917612971     
   1.8866999999999998E-002   1.9248000000000001E-002   21634.460355673800     
   1.9248000000000001E-002   1.9637000000000002E-002   21513.624064049181     
   1.9637000000000002E-002   2.0034000000000000E-002   21382.393252714915     
   2.0034000000000000E-002   2.0438000000000001E-002   21240.767921671002     
   2.0438000000000001E-002   2.0851000000000001E-002   21087.881860941645     
   2.0851000000000001E-002   2.1271999999999999E-002   20925.467490478448     
   2.1271999999999999E-002   2.1701999999999999E-002   20751.792390329803     
   2.1701999999999999E-002   2.2141000000000001E-002   20567.722770471511     
   2.2141000000000001E-002   2.2588000000000000E-002   20374.124840879387     
   2.2588000000000000E-002   2.3043999999999999E-002   20170.565496565512     
   2.3043999999999999E-002   2.3510000000000000E-002   19957.044737529894     
   2.3510000000000000E-002   2.3984999999999999E-002   19734.428773748332     
   2.3984999999999999E-002   2.4469000000000001E-002   19503.150710208738     
   2.4469000000000001E-002   2.4964000000000000E-002   19262.344336935308     
   2.4964000000000000E-002   2.5468000000000001E-002   19014.175178867532     
   2.5468000000000001E-002   2.5982000000000002E-002   18758.210131017531     
   2.5982000000000002E-002   2.6506999999999999E-002   18494.882298373206     
   2.6506999999999999E-002   2.7043000000000001E-002   18224.191680934542     
   2.7043000000000001E-002   2.7588999999999999E-002   17948.303803641051     
   2.7588999999999999E-002   2.8146000000000001E-002   17666.785561504843     
   2.8146000000000001E-002   2.8715000000000001E-002   17380.070059513811     
   2.8715000000000001E-002   2.9295000000000002E-002   17090.322822607472     
   2.9295000000000002E-002   2.9887000000000000E-002   16796.677640810001     
   2.9887000000000000E-002   3.0490000000000000E-002   16499.567619109326     
   3.0490000000000000E-002   3.1106000000000002E-002   16199.858967481241     
   3.1106000000000002E-002   3.1734999999999999E-002   15898.417895901539     
   3.1734999999999999E-002   3.2376000000000002E-002   15594.811299382338     
   3.2376000000000002E-002   3.3029999999999997E-002   15290.338492887327     
   3.3029999999999997E-002   3.3696999999999998E-002   14986.298791380224     
   3.3696999999999998E-002   3.4377999999999999E-002   14683.558404836824     
   3.4377999999999999E-002   3.5071999999999999E-002   14382.983543232933     
   3.5071999999999999E-002   3.5781000000000000E-002   14085.440416544347     
   3.5781000000000000E-002   3.6504000000000002E-002   13793.094549710593     
   3.6504000000000002E-002   3.7241000000000003E-002   13505.512837743754     
   3.7241000000000003E-002   3.7992999999999999E-002   13225.727015559152     
   3.7992999999999999E-002   3.8760999999999997E-002   12952.004663205180     
   3.8760999999999997E-002   3.9544000000000003E-002   12686.078200633434     
   3.9544000000000003E-002   4.0342999999999997E-002   12428.813837819727     
   4.0342999999999997E-002   4.1158000000000000E-002   12179.778469776154     
   4.1158000000000000E-002   4.1988999999999999E-002   11939.838306478527     
   4.1988999999999999E-002   4.2838000000000001E-002   11708.560242938933     
   4.2838000000000001E-002   4.3702999999999999E-002   11487.676699108983     
   4.3702999999999999E-002   4.4586000000000001E-002   11275.455255037068     
   4.4586000000000001E-002   4.5485999999999999E-002   11072.762120698999     
   4.5485999999999999E-002   4.6405000000000002E-002   10879.164191106867     
   4.6405000000000002E-002   4.7343000000000003E-002   10694.228361272772     
   4.7343000000000003E-002   4.8299000000000002E-002   10518.387736184615     
   4.8299000000000002E-002   4.9274999999999999E-002   10350.343000878691     
   4.9274999999999999E-002   5.0270000000000002E-002   10190.960365330806     
   5.0270000000000002E-002   5.1285999999999998E-002   10038.074304601452     
   5.1285999999999998E-002   5.2322000000000000E-002   9893.4172386422288     
   5.2322000000000000E-002   5.3379000000000003E-002   9754.3905375257327     
   5.3379000000000003E-002   5.4456999999999998E-002   9620.5610962640567     
   5.4456999999999998E-002   5.5557000000000002E-002   9491.0627048814004     
   5.5557000000000002E-002   5.6680000000000001E-002   9365.4622583898599     
   5.6680000000000001E-002   5.7825000000000001E-002   9242.0273368378275     
   5.7825000000000001E-002   5.8992999999999997E-002   9118.5924152857988     
   5.8992999999999997E-002   6.0184000000000001E-002   8993.8581787700605     
   6.0184000000000001E-002   6.1400000000000003E-002   8866.5253123269158     
   6.1400000000000003E-002   6.2641000000000002E-002   8733.9951860289439     
   6.2641000000000002E-002   6.3906000000000004E-002   8595.4015899003480     
   6.3906000000000004E-002   6.5197000000000005E-002   8449.4452089774204     
   6.5197000000000005E-002   6.6514000000000004E-002   8294.3936233085533     
   6.6514000000000004E-002   6.7858000000000002E-002   8131.1130428695551     
   6.7858000000000002E-002   6.9228999999999999E-002   7958.3041526967090     
   6.9228999999999999E-002   7.0626999999999995E-002   7776.4000577779279     
   7.0626999999999995E-002   7.2054000000000007E-002   7587.1331780648170     
   7.2054000000000007E-002   7.3510000000000006E-002   7388.7710936057601     
   7.3510000000000006E-002   7.4994000000000005E-002   7182.1800143765749     
   7.4994000000000005E-002   7.6508999999999994E-002   6967.3599403772514     
   7.6508999999999994E-002   7.8054999999999999E-002   6746.0432915593983     
   7.8054999999999999E-002   7.9631999999999994E-002   6518.6631729109231     
   7.9631999999999994E-002   8.1240999999999994E-002   6286.9520043834245     
   8.1240999999999994E-002   8.2881999999999997E-002   6053.5084159043236     
   8.2881999999999997E-002   8.4556000000000006E-002   5822.2303523647270     
   8.4556000000000006E-002   8.6263999999999993E-002   5595.2833387041528     
   8.6263999999999993E-002   8.8007000000000002E-002   5375.2660048500074     
   8.8007000000000002E-002   8.9785000000000004E-002   5165.6431907055057     
   8.9785000000000004E-002   9.1597999999999999E-002   4967.7142112343545     
   9.1597999999999999E-002   9.3449000000000004E-002   4783.2114863881625     
   9.3449000000000004E-002   9.5337000000000005E-002   4613.4343311306311     
   9.5337000000000005E-002   9.7263000000000002E-002   4458.8158504496669     
   9.7263000000000002E-002   9.9226999999999996E-002   4318.9662498561547     
   9.9226999999999996E-002  0.10123000000000000        4194.1453923428389     
  0.10123000000000000       0.10328000000000000        4083.4437574351236     
  0.10328000000000000       0.10536000000000000        3986.0384456559941     
  0.10536000000000000       0.10749000000000000        3900.3702790490056     
  0.10749000000000000       0.10965999999999999        3824.9667006552936     
  0.10965999999999999       0.11187999999999999        3757.2290805474408     
  0.11187999999999999       0.11414000000000001        3694.3422363040900     
  0.11414000000000001       0.11644000000000000        3632.7980175232374     
  0.11644000000000000       0.11880000000000000        3569.1315843016628     
  0.11880000000000000       0.12120000000000000        3500.3545122228466     
  0.12120000000000000       0.12365000000000000        3424.0414133545387     
  0.12365000000000000       0.12614000000000000        3338.8929727330328     
  0.12614000000000000       0.12869000000000000        3244.1296013801061     
  0.12869000000000000       0.13128999999999999        3140.0544727872884     
  0.13128999999999999       0.13394000000000000        3027.2739339376431     
  0.13394000000000000       0.13664999999999999        2907.5637152815684     
  0.13664999999999999       0.13941000000000001        2783.2192732549438     
  0.13941000000000001       0.14223000000000000        2657.3589637706627     
  0.14223000000000000       0.14510000000000001        2533.1444532404089     
  0.14510000000000001       0.14802999999999999        2414.3870655577189     
  0.14802999999999999       0.15101999999999999        2303.9886041415348     
  0.15101999999999999       0.15407000000000001        2204.7642514132176     
  0.15407000000000001       0.15717999999999999        2118.0566328352647     
  0.15717999999999999       0.16036000000000000        2044.0389904028368     
  0.16036000000000000       0.16360000000000000        1982.0616666340802     
  0.16360000000000000       0.16689999999999999        1930.1756890834372     
  0.16689999999999999       0.17027999999999999        1885.8690488210771     
