   1.0202000000000000E-004   819.13450321277639     
   1.0408000000000001E-004   786.50200920444286     
   1.0618000000000000E-004   755.37235504898183     
   1.0833000000000000E-004   723.90858123895191     
   1.1052000000000001E-004   695.66062830407225     
   1.1275000000000000E-004   668.67716524423429     
   1.1503000000000000E-004   641.48295757316623     
   1.1735000000000001E-004   616.94381348281763     
   1.1972000000000000E-004   592.23785749028514     
   1.2213999999999999E-004   568.67130827926610     
   1.2460999999999999E-004   546.21382768717058     
   1.2711999999999999E-004   525.88265293903680     
   1.2968999999999999E-004   504.39998741656223     
   1.3231000000000001E-004   484.90375262287819     
   1.3499000000000001E-004   465.39863167087424     
   1.3771000000000001E-004   448.53068532644392     
   1.4049000000000001E-004   430.76928921554980     
   1.4333000000000000E-004   413.83492237895365     
   1.4622999999999999E-004   397.68630834446765     
   1.4918000000000000E-004   382.96369745942678     
   1.5220000000000001E-004   367.61551192260055     
   1.5527000000000000E-004   354.18799503962276     
   1.5841000000000000E-004   340.21597247260445     
   1.6160999999999999E-004   327.43513242667507     
   1.6487000000000001E-004   315.22465704707679     
   1.6820000000000000E-004   303.07881169922683     
   1.7160000000000000E-004   291.48702946523764     
   1.7506999999999999E-004   280.42216081827769     
   1.7860000000000000E-004   270.26621424746907     
   1.8221000000000001E-004   259.79182720941668     
   1.8589000000000000E-004   250.15049198821916     
   1.8965000000000000E-004   240.60456496087281     
   1.9348000000000000E-004   231.81739457740792     
   1.9739000000000001E-004   223.10540271789898     
   2.0138000000000000E-004   214.78852556358203     
   2.0544000000000001E-004   207.11413995945512     
   2.0959000000000000E-004   199.26337494727844     
   2.1383000000000000E-004   191.76811629839213     
   2.1814999999999999E-004   184.83492239444439     
   2.2254999999999999E-004   178.19971438291205     
   2.2704999999999999E-004   171.46012916139395     
   2.3164000000000000E-004   165.20942580678934     
   2.3631999999999999E-004   159.23030710448299     
   2.4109000000000001E-004   153.51522282282963     
   2.4595999999999998E-004   147.88928129317679     
   2.5093000000000001E-004   142.50755966576844     
   2.5599999999999999E-004   137.36496847750360     
   2.6117000000000002E-004   132.44580791039027     
   2.6645000000000000E-004   127.61254607379763     
   2.7182999999999998E-004   123.11307353295386     
   2.7732000000000001E-004   118.69160778146654     
   2.8291999999999998E-004   114.46248521292966     
   2.8864000000000000E-004   110.31382594848917     
   2.9447000000000002E-004   106.44288379985797     
   3.0041999999999997E-004   102.64523342242431     
   3.0648999999999997E-004   99.011588606999254     
   3.1268000000000002E-004   95.534182036784827     
   3.1899000000000001E-004   92.205622465801795     
   3.2543999999999997E-004   88.873037927411545     
   3.3200999999999999E-004   85.823028312672037     
   3.3871999999999998E-004   82.771423963357819     
   3.4556000000000002E-004   79.910949821911558     
   3.5253999999999998E-004   77.114082942143625     
   3.5965999999999998E-004   74.435210268182587     
   3.6693000000000001E-004   71.818840296340269     
   3.7434000000000002E-004   69.362477150140336     
   3.8190000000000001E-004   66.961965972130386     
   3.8962000000000003E-004   64.619373323482648     
   3.9749000000000002E-004   62.417176121341384     
   4.0551999999999998E-004   60.267353420472496     
   4.1371000000000002E-004   58.207814888312079     
   4.2206999999999998E-004   56.199430101844186     
   4.3060000000000000E-004   54.274871101143454     
   4.3929000000000000E-004   52.461651140895434     
   4.4817000000000001E-004   50.634227419012880     
   4.5721999999999999E-004   48.939595386716853     
   4.6645999999999998E-004   47.261295810647567     
   4.7587999999999998E-004   45.678201591733163     
   4.8549999999999998E-004   44.112446799515396     
   4.9529999999999995E-004   42.657245809411549     
   5.0531000000000003E-004   41.196219241782309     
   5.1552000000000000E-004   39.816497051953370     
   5.2592999999999997E-004   38.493399866945055     
   5.3656000000000005E-004   37.187577258184746     
   5.4739000000000003E-004   35.970349518115803     
   5.5845000000000005E-004   34.752994805002814     
   5.6972999999999995E-004   33.601229718456885     
   5.8124000000000001E-004   32.481290843573966     
   5.9299000000000005E-004   31.393228652424895     
   6.0495999999999998E-004   30.376078823302297     
   6.1718999999999999E-004   29.349207560640110     
   6.2965000000000004E-004   28.400391686214814     
   6.4236999999999996E-004   27.455529705885880     
   6.5534999999999996E-004   26.548944808914335     
   6.6859000000000005E-004   25.679000383332262     
   6.8210000000000005E-004   24.834468405026669     
   6.9587999999999996E-004   24.023854750103421     
   7.0993000000000000E-004   23.245714386415717     
   7.2426999999999995E-004   22.482067021947369     
   7.3890999999999996E-004   21.741468318137567     
   7.5383000000000004E-004   21.045316107443803     
   7.6906000000000001E-004   20.355762870783334     
   7.8459999999999999E-004   19.693692615061302     
   8.0044999999999997E-004   19.058109245917134     
   8.1662000000000000E-004   18.441674948905863     
   8.3310999999999997E-004   17.849737290648353     
   8.4993999999999998E-004   17.270426160064204     
   8.6711000000000004E-004   16.714122554355708     
   8.8462999999999996E-004   16.174990165247198     
   9.0249999999999998E-004   15.657103103321212     
   9.2073000000000003E-004   15.155247912238877     
   9.3933000000000005E-004   14.669054699396087     
   9.5830999999999998E-004   14.198056992188052     
   9.7766999999999993E-004   13.745597913382840     
   9.9741999999999995E-004   13.307303817252453     
   1.0176000000000000E-003   12.872774577402620     
   1.0380999999999999E-003   12.490550142493669     
   1.0591000000000001E-003   12.068126043634763     
   1.0805000000000001E-003   11.691533774975118     
   1.1023000000000001E-003   11.329470964022850     
   1.1245999999999999E-003   10.955427067069182     
   1.1473000000000000E-003   10.620860888666664     
   1.1705000000000001E-003   10.275686446034044     
   1.1941000000000000E-003   9.9662949410368267     
   1.2182000000000000E-003   9.6474311476111598     
   1.2428999999999999E-003   9.3212835872729887     
   1.2680000000000000E-003   9.0459883593704138     
   1.2936000000000000E-003   8.7629845825181594     
   1.3197000000000000E-003   8.4908911113137915     
   1.3464000000000000E-003   8.2129718300131866     
   1.3736000000000000E-003   7.9614396943422303     
   1.4013000000000001E-003   7.7194780757259478     
   1.4296000000000001E-003   7.4727205036094597     
   1.4584999999999999E-003   7.2356101525637717     
   1.4880000000000000E-003   7.0076669008201078     
   1.5180000000000000E-003   6.8004094355198195     
   1.5487000000000001E-003   6.5782338379319958     
   1.5800000000000000E-003   6.3755516609026932     
   1.6119000000000001E-003   6.1805515131777229     
   1.6444999999999999E-003   5.9832537045579803     
   1.6777000000000001E-003   5.8028055318935641     
   1.7116000000000000E-003   5.6203869964491293     
   1.7462000000000001E-003   5.4449717518500398     
   1.7814000000000000E-003   5.2841178759661593     
   1.8174000000000000E-003   5.1142658102472627     
   1.8541000000000000E-003   4.9581160102420050     
   1.8916000000000000E-003   4.8011103042322922     
   1.9298000000000000E-003   4.6565228908141298     
   1.9688000000000002E-003   4.5112718425452041     
   2.0086000000000001E-003   4.3715618062690949     
   2.0490999999999999E-003   4.2426412615438247     
   2.0904999999999999E-003   4.1080196161470210     
   2.1327999999999998E-003   3.9785949023735778     
   2.1757999999999999E-003   3.8635370575538830     
   2.2198000000000001E-003   3.7392287685015120     
   2.2645999999999999E-003   3.6282417441561701     
   2.3104000000000002E-003   3.5132752137401830     
   2.3571000000000000E-003   3.4065610608380856     
   2.4047000000000001E-003   3.3038277969163032     
   2.4532999999999998E-003   3.2014785218505142     
   2.5027999999999999E-003   3.1062632659242473     
   2.5533999999999999E-003   3.0083224738446979     
   2.6050000000000001E-003   2.9170914934896439     
   2.6576000000000000E-003   2.8292652803156244     
   2.7112999999999998E-003   2.7420248616533636     
   2.7659999999999998E-003   2.6606080379804760     
   2.8219000000000000E-003   2.5773495177885573     
   2.8789000000000002E-003   2.4995476749823120     
   2.9371000000000002E-003   2.4224557015860260     
   2.9964000000000002E-003   2.3503458947484051     
   3.0569000000000000E-003   2.2789169056288276     
   3.1186999999999999E-003   2.2082627964088348     
   3.1817000000000000E-003   2.1420661603423463     
   3.2460000000000002E-003   2.0766180295249663     
   3.3115000000000002E-003   2.0152336387695700     
   3.3784000000000002E-003   1.9530250519329093     
   3.4467000000000000E-003   1.8931576241067831     
   3.5163000000000000E-003   1.8369154402476384     
   3.5874000000000001E-003   1.7801062820734206     
   3.6597999999999999E-003   1.7279333408276596     
   3.7337999999999998E-003   1.6740915911738936     
   3.8092000000000000E-003   1.6245477152956769     
   3.8861000000000000E-003   1.5757383545882946     
   3.9646000000000004E-003   1.5277090471995209     
   4.0447000000000000E-003   1.4814676453974867     
   4.1263999999999997E-003   1.4369435061046336     
   4.2097999999999997E-003   1.3931850471657108     
   4.2947999999999997E-003   1.3518873381491512     
   4.3816000000000003E-003   1.3105159958986956     
   4.4701000000000003E-003   1.2714388808445201     
   4.5604000000000000E-003   1.2330827376664617     
   4.6525000000000004E-003   1.1961434516997098     
   4.7464999999999999E-003   1.1599140050387680     
   4.8424000000000002E-003   1.1250259191644494     
   4.9401999999999996E-003   1.0914270653584286     
   5.0400000000000002E-003   1.0585052749773718     
   5.1418999999999996E-003   1.0262678724865000     
   5.2456999999999998E-003  0.99623773751860401     
   5.3517000000000000E-003  0.96585742976504663     
   5.4597999999999999E-003  0.93706111271515624     
   5.5700999999999997E-003  0.90888796510173142     
   5.6826000000000003E-003  0.88175140806745189     
   5.7974000000000003E-003  0.85522057527581619     
   5.9144999999999996E-003  0.82966586893430438     
   6.0340000000000003E-003  0.80469548105602373     
   6.1558999999999997E-003  0.78064566402056634     
   6.2802999999999999E-003  0.75715652940569256     
   6.4072000000000000E-003  0.73453467641264403     
   6.5366000000000000E-003  0.71274145380190357     
   6.6686000000000002E-003  0.69146704289922234     
   6.8033000000000000E-003  0.67071217045692444     
   6.9407999999999996E-003  0.65047132184079226     
   7.0809999999999996E-003  0.63121328384674569     
   7.2240000000000004E-003  0.61243120357782377     
   7.3699999999999998E-003  0.59390896131626592     
   7.5189000000000002E-003  0.57627390256968547     
   7.6708000000000002E-003  0.55908964495992619     
   7.8256999999999997E-003  0.54253333666771364     
   7.9837999999999992E-003  0.52623054268946001     
   8.1451000000000006E-003  0.51052696124625896     
   8.3096000000000003E-003  0.49539808202195584     
   8.4775000000000007E-003  0.48052016300317796     
   8.6487999999999999E-003  0.46618907536705678     
   8.8234999999999997E-003  0.45238186839847278     
   9.0016999999999996E-003  0.43894817860528629     
   9.1836000000000001E-003  0.42575904546536081     
   9.3691000000000000E-003  0.41317097043361189     
   9.5583000000000005E-003  0.40093016704035872     
   9.7514000000000003E-003  0.38892341954054077     
   9.9483999999999996E-003  0.37735681978237090     
   1.0149000000000000E-002  0.36649986104167059     
   1.0354000000000000E-002  0.35530156396667217     
   1.0564000000000000E-002  0.34400327595017205     
   1.0777000000000000E-002  0.33477713179151580     
   1.0995000000000000E-002  0.32430026692054409     
   1.1217000000000000E-002  0.31496263779099237     
   1.1443000000000000E-002  0.30595939822750245     
   1.1675000000000000E-002  0.29592948110769518     
   1.1910000000000000E-002  0.28820887653961524     
   1.2151000000000000E-002  0.27891555723947359     
   1.2397000000000000E-002  0.27056020001681907     
   1.2647000000000000E-002  0.26306215071780059     
   1.2902000000000000E-002  0.25530072296307571     
   1.3162999999999999E-002  0.24732246031448296     
   1.3429000000000000E-002  0.24011939862292106     
   1.3700000000000000E-002  0.23317608628243594     
   1.3977000000000000E-002  0.22605278927534633     
   1.4259000000000001E-002  0.21960241088420576     
   1.4546999999999999E-002  0.21299303449906223     
   1.4841000000000000E-002  0.20662733310055528     
   1.5141000000000000E-002  0.20049531195687098     
   1.5447000000000001E-002  0.19458715545285216     
   1.5758999999999999E-002  0.18889414389302173     
   1.6077000000000001E-002  0.18340722000850948     
   1.6402000000000000E-002  0.17783022460202758     
   1.6733999999999999E-002  0.17246073392807554     
   1.7072000000000000E-002  0.16754971717777103     
   1.7416000000000001E-002  0.16281416116203565     
   1.7767999999999999E-002  0.15777437596063171     
   1.8127000000000001E-002  0.15314832369571738     
   1.8492999999999999E-002  0.14869042836326898     
   1.8866999999999998E-002  0.14419107672762410     
   1.9248000000000001E-002  0.14005139474444514     
   1.9637000000000002E-002  0.13587688166988454     
   2.0034000000000000E-002  0.13185590643340786     
   2.0438000000000001E-002  0.12814831692203882     
   2.0851000000000001E-002  0.12425580036134617     
   2.1271999999999999E-002  0.12065861333621751     
   2.1701999999999999E-002  0.11704857537334686     
   2.2141000000000001E-002  0.11357204283392995     
   2.2588000000000000E-002  0.11035275642490094     
   2.3043999999999999E-002  0.10712528944506533     
   2.3510000000000000E-002  0.10389838458544008     
   2.3984999999999999E-002  0.10090291719821040     
   2.4469000000000001E-002   9.8015859017533236E-002
   2.4964000000000000E-002   9.5030921763696125E-002
   2.5468000000000001E-002   9.2349878582587683E-002
   2.5982000000000002E-002   8.9673241259175474E-002
   2.6506999999999999E-002   8.7006915984107161E-002
   2.7043000000000001E-002   8.4439388410780358E-002
   2.7588999999999999E-002   8.2045110803226740E-002
   2.8146000000000001E-002   7.9661877973785225E-002
   2.8715000000000001E-002   7.7294308147742005E-002
   2.9295000000000002E-002   7.5082209583011428E-002
   2.9887000000000000E-002   7.2885581622066001E-002
   3.0490000000000000E-002   7.0831244338983357E-002
   3.1106000000000002E-002   6.8733380646470013E-002
   3.1734999999999999E-002   6.6713249122286808E-002
   3.2376000000000002E-002   6.4820780692988703E-002
   3.3029999999999997E-002   6.2946138823609152E-002
   3.3696999999999998E-002   6.1139917068253315E-002
   3.4377999999999999E-002   5.9353482587039666E-002
   3.5071999999999999E-002   5.7676166288138458E-002
   3.5781000000000000E-002   5.5976069128748362E-002
   3.6504000000000002E-002   5.4377829946711663E-002
   3.7241000000000003E-002   5.2837166279802054E-002
   3.7992999999999999E-002   5.1315441929721130E-002
   3.8760999999999997E-002   4.9814538333377852E-002
   3.9544000000000003E-002   4.8400461868533140E-002
   4.0342999999999997E-002   4.7005591033673508E-002
   4.1158000000000000E-002   4.5660621279423892E-002
   4.1988999999999999E-002   4.4363339437173181E-002
   4.2838000000000001E-002   4.3058514446275863E-002
   4.3702999999999999E-002   4.1851148199983104E-002
   4.4586000000000001E-002   4.0637504093672401E-002
   4.5485999999999999E-002   3.9489860246449397E-002
   4.6405000000000002E-002   3.8338287859839212E-002
   4.7343000000000003E-002   3.7227619626822521E-002
   4.8299000000000002E-002   3.6175898507929717E-002
   4.9274999999999999E-002   3.5122894054386504E-002
   5.0270000000000002E-002   3.4124956772703892E-002
   5.1285999999999998E-002   3.3127601510452555E-002
   5.2322000000000000E-002   3.2181672078919185E-002
   5.3379000000000003E-002   3.1253369193804642E-002
   5.4456999999999998E-002   3.0357840654008188E-002
   5.5557000000000002E-002   2.9479820485231050E-002
   5.6680000000000001E-002   2.8619612436592494E-002
   5.7825000000000001E-002   2.7803159043424307E-002
   5.8992999999999997E-002   2.7003946048984689E-002
   6.0184000000000001E-002   2.6233865176227705E-002
   6.1400000000000003E-002   2.5469972727113602E-002
   6.2641000000000002E-002   2.4734911986097129E-002
   6.3906000000000004E-002   2.4037671668604221E-002
   6.5197000000000005E-002   2.3347871541266760E-002
   6.6514000000000004E-002   2.2684931720589840E-002
   6.7858000000000002E-002   2.2039125282622606E-002
   6.9228999999999999E-002   2.1418884295521953E-002
   7.0626999999999995E-002   2.0823270585384454E-002
   7.2054000000000007E-002   2.0236274260940455E-002
   7.3510000000000006E-002   1.9673219427893830E-002
   7.4994000000000005E-002   1.9140000998174474E-002
   7.6508999999999994E-002   1.8609484981161793E-002
   7.8054999999999999E-002   1.8101218387783034E-002
   7.9631999999999994E-002   1.7614562330700259E-002
   8.1240999999999994E-002   1.7143070408928394E-002
   8.2881999999999997E-002   1.6691607554830665E-002
   8.4556000000000006E-002   1.6253679655473623E-002
   8.6263999999999993E-002   1.5828718814605829E-002
   8.8007000000000002E-002   1.5415937676388164E-002
   8.9785000000000004E-002   1.5018587614468656E-002
   9.1597999999999999E-002   1.4635483891000041E-002
   9.3449000000000004E-002   1.4253099974032197E-002
   9.5337000000000005E-002   1.3886729485968365E-002
   9.7263000000000002E-002   1.3527477605581395E-002
   9.9226999999999996E-002   1.3178381066944956E-002
  0.10123000000000000        1.2835040374701928E-002
  0.10328000000000000        1.2474810973725492E-002
  0.10536000000000000        1.2176200069720776E-002
  0.10749000000000000        1.1825749546753576E-002
  0.10965999999999999        1.1512957150511738E-002
  0.11187999999999999        1.1182285450962894E-002
  0.11414000000000001        1.0887587445490591E-002
  0.11644000000000000        1.0603077737500523E-002
  0.11880000000000000        1.0283677229382525E-002
  0.12120000000000000        1.0022530311901583E-002
  0.12365000000000000        9.7530921964935520E-003
  0.12614000000000000        9.5176953748929410E-003
  0.12869000000000000        9.2572610283958474E-003
  0.13128999999999999        9.0302082631811779E-003
  0.13394000000000000        8.8172042905985942E-003
  0.13664999999999999        8.6010554945442873E-003
  0.13941000000000001        8.4145082460947498E-003
  0.14223000000000000        8.2242392023624631E-003
  0.14510000000000001        8.0594497181248441E-003
  0.14802999999999999        7.8883336722763500E-003
  0.15101999999999999        7.7233339727390072E-003
  0.15407000000000001        7.5616785237986881E-003
  0.15717999999999999        7.4011933467964764E-003
  0.16036000000000000        7.2284637681288488E-003
  0.16360000000000000        7.0667191115435868E-003
  0.16689999999999999        6.9044973758493238E-003
  0.17027999999999999        6.7221297569820659E-003
