   1.0000000000000000        1.0202000000000000E-004   8.7622285987430066E-006
   1.0000000000000000        1.0408000000000001E-004   9.3002085451891190E-006
   1.0000000000000000        1.0618000000000000E-004   9.8671648466320525E-006
   1.0000000000000000        1.0833000000000000E-004   1.0515715664183121E-005
   1.0000000000000000        1.1052000000000001E-004   1.1148638524400469E-005
   1.0000000000000000        1.1275000000000000E-004   1.1814782451682271E-005
   1.0000000000000000        1.1503000000000000E-004   1.2573444458435840E-005
   1.0000000000000000        1.1735000000000001E-004   1.3314966986258932E-005
   1.0000000000000000        1.1972000000000000E-004   1.4157073415207385E-005
   1.0000000000000000        1.2213999999999999E-004   1.5046195593378377E-005
   1.0000000000000000        1.2460999999999999E-004   1.5984539578034276E-005
   1.0000000000000000        1.2711999999999999E-004   1.6903706225327415E-005
   1.0000000000000000        1.2968999999999999E-004   1.8015333517910385E-005
   1.0000000000000000        1.3231000000000001E-004   1.9115234503724560E-005
   1.0000000000000000        1.3499000000000001E-004   2.0353651079356451E-005
   1.0000000000000000        1.3771000000000001E-004   2.1497192660882505E-005
   1.0000000000000000        1.4049000000000001E-004   2.2867859166339046E-005
   1.0000000000000000        1.4333000000000000E-004   2.4315784583772554E-005
   1.0000000000000000        1.4622999999999999E-004   2.5844642905339153E-005
   1.0000000000000000        1.4918000000000000E-004   2.7360889589996196E-005
   1.0000000000000000        1.5220000000000001E-004   2.9156685564895391E-005
   1.0000000000000000        1.5527000000000000E-004   3.0846071743963495E-005
   1.0000000000000000        1.5841000000000000E-004   3.2839176069516953E-005
   1.0000000000000000        1.6160999999999999E-004   3.4832060689008541E-005
   1.0000000000000000        1.6487000000000001E-004   3.6930697619083866E-005
   1.0000000000000000        1.6820000000000000E-004   3.9263436366010593E-005
   1.0000000000000000        1.7160000000000000E-004   4.1726218896733218E-005
   1.0000000000000000        1.7506999999999999E-004   4.4325134192789808E-005
   1.0000000000000000        1.7860000000000000E-004   4.6926959234128541E-005
   1.0000000000000000        1.8221000000000001E-004   4.9951311779597267E-005
   1.0000000000000000        1.8589000000000000E-004   5.2997050199417310E-005
   1.0000000000000000        1.8965000000000000E-004   5.6362706769453482E-005
   1.0000000000000000        1.9348000000000000E-004   5.9753378085387368E-005
   1.0000000000000000        1.9739000000000001E-004   6.3492363111336905E-005
   1.0000000000000000        2.0138000000000000E-004   6.7437438441483489E-005
   1.0000000000000000        2.0544000000000001E-004   7.1413500395247931E-005
   1.0000000000000000        2.0959000000000000E-004   7.5976957669000422E-005
   1.0000000000000000        2.1383000000000000E-004   8.0798269300036353E-005
   1.0000000000000000        2.1814999999999999E-004   8.5681563329971546E-005
   1.0000000000000000        2.2254999999999999E-004   9.0822614102459658E-005
   1.0000000000000000        2.2704999999999999E-004   9.6683503097206631E-005
   1.0000000000000000        2.3164000000000000E-004   1.0264450950885096E-004
   1.0000000000000000        2.3631999999999999E-004   1.0892816287289595E-004
   1.0000000000000000        2.4109000000000001E-004   1.1554896383253600E-004
   1.0000000000000000        2.4595999999999998E-004   1.2278646198755631E-004
   1.0000000000000000        2.5093000000000001E-004   1.3042340081635090E-004
   1.0000000000000000        2.5599999999999999E-004   1.3847822488176678E-004
   1.0000000000000000        2.6117000000000002E-004   1.4697000139990277E-004
   1.0000000000000000        2.6645000000000000E-004   1.5622894121314858E-004
   1.0000000000000000        2.7182999999999998E-004   1.6567912574082447E-004
   1.0000000000000000        2.7732000000000001E-004   1.7596510181702019E-004
   1.0000000000000000        2.8291999999999998E-004   1.8681273187986681E-004
   1.0000000000000000        2.8864000000000000E-004   1.9861195808465028E-004
   1.0000000000000000        2.9447000000000002E-004   2.1068947982527420E-004
   1.0000000000000000        3.0041999999999997E-004   2.2380431203187755E-004
   1.0000000000000000        3.0648999999999997E-004   2.3763748715606084E-004
   1.0000000000000000        3.1268000000000002E-004   2.5222182693146700E-004
   1.0000000000000000        3.1899000000000001E-004   2.6759124793135608E-004
   1.0000000000000000        3.2543999999999997E-004   2.8470717108368014E-004
   1.0000000000000000        3.3200999999999999E-004   3.0182675599455899E-004
   1.0000000000000000        3.3871999999999998E-004   3.2084771017998239E-004
   1.0000000000000000        3.4556000000000002E-004   3.4040369148533018E-004
   1.0000000000000000        3.5253999999999998E-004   3.6154686738098070E-004
   1.0000000000000000        3.5965999999999998E-004   3.8384515037096222E-004
   1.0000000000000000        3.6693000000000001E-004   4.0794000362958868E-004
   1.0000000000000000        3.7434000000000002E-004   4.3275500892457619E-004
   1.0000000000000000        3.8190000000000001E-004   4.5952880363222615E-004
   1.0000000000000000        3.8962000000000003E-004   4.8842229240593602E-004
   1.0000000000000000        3.9749000000000002E-004   5.1822641002704389E-004
   1.0000000000000000        4.0551999999999998E-004   5.5034249433796867E-004
   1.0000000000000000        4.1371000000000002E-004   5.8420830111715108E-004
   1.0000000000000000        4.2206999999999998E-004   6.2068233561891938E-004
   1.0000000000000000        4.3060000000000000E-004   6.5916138498808374E-004
   1.0000000000000000        4.3929000000000000E-004   6.9889346838615952E-004
   1.0000000000000000        4.4817000000000001E-004   7.4335140026978222E-004
   1.0000000000000000        4.5721999999999999E-004   7.8847904031620710E-004
   1.0000000000000000        4.6645999999999998E-004   8.3790597414432652E-004
   1.0000000000000000        4.7587999999999998E-004   8.8907264240714395E-004
   1.0000000000000000        4.8549999999999998E-004   9.4503813160156194E-004
   1.0000000000000000        4.9529999999999995E-004   1.0019641913823082E-003
   1.0000000000000000        5.0531000000000003E-004   1.0652328494568973E-003
   1.0000000000000000        5.1552000000000000E-004   1.1308643166433360E-003
   1.0000000000000000        5.2592999999999997E-004   1.2000455975402988E-003
   1.0000000000000000        5.3656000000000005E-004   1.2754543788762610E-003
   1.0000000000000000        5.4739000000000003E-004   1.3524193665487314E-003
   1.0000000000000000        5.5845000000000005E-004   1.4375314137718984E-003
   1.0000000000000000        5.6972999999999995E-004   1.5259474789164585E-003
   1.0000000000000000        5.8124000000000001E-004   1.6206133970009570E-003
   1.0000000000000000        5.9299000000000005E-004   1.7219813543129781E-003
   1.0000000000000000        6.0495999999999998E-004   1.8257320420368899E-003
   1.0000000000000000        6.1718999999999999E-004   1.9416020839053308E-003
   1.0000000000000000        6.2965000000000004E-004   2.0587638858162835E-003
   1.0000000000000000        6.4236999999999996E-004   2.1875125027585357E-003
   1.0000000000000000        6.5534999999999996E-004   2.3233531844700432E-003
   1.0000000000000000        6.6859000000000005E-004   2.4666125373641857E-003
   1.0000000000000000        6.8210000000000005E-004   2.6196630935347797E-003
   1.0000000000000000        6.9587999999999996E-004   2.7810640433120468E-003
   1.0000000000000000        7.0993000000000000E-004   2.9511948732136501E-003
   1.0000000000000000        7.2426999999999995E-004   3.1350360634633178E-003
   1.0000000000000000        7.3890999999999996E-004   3.3313448441372562E-003
   1.0000000000000000        7.5383000000000004E-004   3.5335115170232216E-003
   1.0000000000000000        7.6906000000000001E-004   3.7541676525499760E-003
   1.0000000000000000        7.8459999999999999E-004   3.9869571625122712E-003
   1.0000000000000000        8.0044999999999997E-004   4.2324374448553404E-003
   1.0000000000000000        8.1662000000000000E-004   4.4941012930354131E-003
   1.0000000000000000        8.3310999999999997E-004   4.7699786486075238E-003
   1.0000000000000000        8.4993999999999998E-004   5.0670305711362634E-003
   1.0000000000000000        8.6711000000000004E-004   5.3803627682013468E-003
   1.0000000000000000        8.8462999999999996E-004   5.7141425568202880E-003
   1.0000000000000000        9.0249999999999998E-004   6.0661292405675155E-003
   1.0000000000000000        9.2073000000000003E-004   6.4408577926447783E-003
   1.0000000000000000        9.3933000000000005E-004   6.8397809056589065E-003
   1.0000000000000000        9.5830999999999998E-004   7.2644388022848833E-003
   1.0000000000000000        9.7766999999999993E-004   7.7122833235189906E-003
   1.0000000000000000        9.9741999999999995E-004   8.1887204913273642E-003
   1.0000000000000000        1.0176000000000000E-003   8.7091297452132638E-003
   1.0000000000000000        1.0380999999999999E-003   9.2068960559183958E-003
   1.0000000000000000        1.0591000000000001E-003   9.8172988232456716E-003
   1.0000000000000000        1.0805000000000001E-003   1.0412550606409998E-002
   1.0000000000000000        1.1023000000000001E-003   1.1039351342170144E-002
   1.0000000000000000        1.1245999999999999E-003   1.1754388686511751E-002
   1.0000000000000000        1.1473000000000000E-003   1.2452863398860994E-002
   1.0000000000000000        1.1705000000000001E-003   1.3247317032853560E-002
   1.0000000000000000        1.1941000000000000E-003   1.4024196182957924E-002
   1.0000000000000000        1.2182000000000000E-003   1.4905381822946108E-002
   1.0000000000000000        1.2428999999999999E-003   1.5902960628440144E-002
   1.0000000000000000        1.2680000000000000E-003   1.6819135794803371E-002
   1.0000000000000000        1.2936000000000000E-003   1.7853783960886344E-002
   1.0000000000000000        1.3197000000000000E-003   1.8944296154377639E-002
   1.0000000000000000        1.3464000000000000E-003   2.0172457061807626E-002
   1.0000000000000000        1.3736000000000000E-003   2.1388605409567923E-002
   1.0000000000000000        1.4013000000000001E-003   2.2668739357314085E-002
   1.0000000000000000        1.4296000000000001E-003   2.4105000140215743E-002
   1.0000000000000000        1.4584999999999999E-003   2.5621618337407906E-002
   1.0000000000000000        1.4880000000000000E-003   2.7222375517677481E-002
   1.0000000000000000        1.5180000000000000E-003   2.8810391332835941E-002
   1.0000000000000000        1.5487000000000001E-003   3.0688144501844931E-002
   1.0000000000000000        1.5800000000000000E-003   3.2565167042192207E-002
   1.0000000000000000        1.6119000000000001E-003   3.4542780817181311E-002
   1.0000000000000000        1.6444999999999999E-003   3.6743721564144308E-002
   1.0000000000000000        1.6777000000000001E-003   3.8945458955874021E-002
   1.0000000000000000        1.7116000000000000E-003   4.1390259375865879E-002
   1.0000000000000000        1.7462000000000001E-003   4.3970339701537069E-002
   1.0000000000000000        1.7814000000000000E-003   4.6553167199214082E-002
   1.0000000000000000        1.8174000000000000E-003   4.9556199396007403E-002
   1.0000000000000000        1.8541000000000000E-003   5.2580365848093578E-002
   1.0000000000000000        1.8916000000000000E-003   5.5922663506949612E-002
   1.0000000000000000        1.9298000000000000E-003   5.9289717518724097E-002
   1.0000000000000000        1.9688000000000002E-003   6.3003164416167753E-002
   1.0000000000000000        2.0086000000000001E-003   6.6921523393259297E-002
   1.0000000000000000        2.0490999999999999E-003   7.0870600928637742E-002
   1.0000000000000000        2.0904999999999999E-003   7.5403951125299212E-002
   1.0000000000000000        2.1327999999999998E-003   8.0193745711820252E-002
   1.0000000000000000        2.1757999999999999E-003   8.4838066062955061E-002
   1.0000000000000000        2.2198000000000001E-003   9.0360308275895779E-002
   1.0000000000000000        2.2645999999999999E-003   9.5752423012985671E-002
   1.0000000000000000        2.3104000000000002E-003  0.10189140735405214     
   1.0000000000000000        2.3571000000000000E-003  0.10813548065767802     
   1.0000000000000000        2.4047000000000001E-003  0.11471497721521560     
   1.0000000000000000        2.4532999999999998E-003  0.12190804570117654     
   1.0000000000000000        2.5027999999999999E-003  0.12922459019072968     
   1.0000000000000000        2.5533999999999999E-003  0.13749423164252558     
   1.0000000000000000        2.6050000000000001E-003  0.14593501251083490     
   1.0000000000000000        2.6576000000000000E-003  0.15483025738008485     
   1.0000000000000000        2.7112999999999998E-003  0.16452175015965470     
   1.0000000000000000        2.7659999999999998E-003  0.17441302258455960     
   1.0000000000000000        2.8219000000000000E-003  0.18551954645669899     
   1.0000000000000000        2.8789000000000002E-003  0.19688852601130497     
   1.0000000000000000        2.9371000000000002E-003  0.20924564532077553     
   1.0000000000000000        2.9964000000000002E-003  0.22189356961490625     
   1.0000000000000000        3.0569000000000000E-003  0.23561800728092358     
   1.0000000000000000        3.1186999999999999E-003  0.25051386069268056     
   1.0000000000000000        3.1817000000000000E-003  0.26579801336350134     
   1.0000000000000000        3.2460000000000002E-003  0.28235959673703520     
   1.0000000000000000        3.3115000000000002E-003  0.29934972790766051     
   1.0000000000000000        3.3784000000000002E-003  0.31823014697124080     
   1.0000000000000000        3.4467000000000000E-003  0.33816120310351161     
   1.0000000000000000        3.5163000000000000E-003  0.35865114024375933     
   1.0000000000000000        3.5874000000000001E-003  0.38135201681752257     
   1.0000000000000000        3.6597999999999999E-003  0.40414943051085345     
   1.0000000000000000        3.7337999999999998E-003  0.42996249037594014     
   1.0000000000000000        3.8092000000000000E-003  0.45596360173487854     
   1.0000000000000000        3.8861000000000000E-003  0.48399881953108825     
   1.0000000000000000        3.9646000000000004E-003  0.51423427975516467     
   1.0000000000000000        4.0447000000000000E-003  0.54613313209563430     
   1.0000000000000000        4.1263999999999997E-003  0.57977184793454850     
   1.0000000000000000        4.2097999999999997E-003  0.61600459475812464     
   1.0000000000000000        4.2947999999999997E-003  0.65342458878583820     
   1.0000000000000000        4.3816000000000003E-003  0.69451235695516722     
   1.0000000000000000        4.4701000000000003E-003  0.73700412220006295     
   1.0000000000000000        4.5604000000000000E-003  0.78268387177102139     
   1.0000000000000000        4.6525000000000004E-003  0.83085269180945520     
   1.0000000000000000        4.7464999999999999E-003  0.88260886385263460     
   1.0000000000000000        4.8424000000000002E-003  0.93720247244675725     
   1.0000000000000000        4.9401999999999996E-003  0.99476332893205943     
   1.0000000000000000        5.0400000000000002E-003   1.0565365543702365     
   1.0000000000000000        5.1418999999999996E-003   1.1228400122046178     
   1.0000000000000000        5.2456999999999998E-003   1.1904032008382794     
   1.0000000000000000        5.3517000000000000E-003   1.2652706903247259     
   1.0000000000000000        5.4597999999999999E-003   1.3429862363566571     
   1.0000000000000000        5.5700999999999997E-003   1.4262463172452005     
   1.0000000000000000        5.6826000000000003E-003   1.5140445624570309     
   1.0000000000000000        5.7974000000000003E-003   1.6080569318245632     
   1.0000000000000000        5.9144999999999996E-003   1.7072033926339309     
   1.0000000000000000        6.0340000000000003E-003   1.8133100162147009     
   1.0000000000000000        6.1558999999999997E-003   1.9252177352347926     
   1.0000000000000000        6.2802999999999999E-003   2.0449160459699764     
   1.0000000000000000        6.4072000000000000E-003   2.1711610359644022     
   1.0000000000000000        6.5366000000000000E-003   2.3042512128599957     
   1.0000000000000000        6.6686000000000002E-003   2.4464399652290418     
   1.0000000000000000        6.8033000000000000E-003   2.5983594472239564     
   1.0000000000000000        6.9407999999999996E-003   2.7606834848580006     
   1.0000000000000000        7.0809999999999996E-003   2.9297438195745804     
   1.0000000000000000        7.2240000000000004E-003   3.1101619156553415     
   1.0000000000000000        7.3699999999999998E-003   3.3050848339182486     
   1.0000000000000000        7.5189000000000002E-003   3.5082992878521417     
   1.0000000000000000        7.6708000000000002E-003   3.7250506182775225     
   1.0000000000000000        7.8256999999999997E-003   3.9535659915298575     
   1.0000000000000000        7.9837999999999992E-003   4.1999517867887359     
   1.0000000000000000        8.1451000000000006E-003   4.4598525862212881     
   1.0000000000000000        8.3096000000000003E-003   4.7338871765092083     
   1.0000000000000000        8.4775000000000007E-003   5.0289815340382642     
   1.0000000000000000        8.6487999999999999E-003   5.3402674393573264     
   1.0000000000000000        8.8234999999999997E-003   5.6684864817363794     
   1.0000000000000000        9.0016999999999996E-003   6.0179490581898101     
   1.0000000000000000        9.1836000000000001E-003   6.3937070944685122     
   1.0000000000000000        9.3691000000000000E-003   6.7862840348957620     
   1.0000000000000000        9.5583000000000005E-003   7.2040008318695543     
   1.0000000000000000        9.7514000000000003E-003   7.6526047679296383     
   1.0000000000000000        9.9483999999999996E-003   8.1257928712808756     
   1.0000000000000000        1.0149000000000000E-002   8.6111742603081201     
   1.0000000000000000        1.0354000000000000E-002   9.1593055900637950     
   1.0000000000000000        1.0564000000000000E-002   9.7675591381081652     
   1.0000000000000000        1.0777000000000000E-002   10.310032934021303     
   1.0000000000000000        1.0995000000000000E-002   10.983620734704370     
   1.0000000000000000        1.1217000000000000E-002   11.641181905452980     
   1.0000000000000000        1.1443000000000000E-002   12.333029571323600     
   1.0000000000000000        1.1675000000000000E-002   13.179839392639177     
   1.0000000000000000        1.1910000000000000E-002   13.892128247644177     
   1.0000000000000000        1.2151000000000000E-002   14.829998291270057     
   1.0000000000000000        1.2397000000000000E-002   15.756889139195609     
   1.0000000000000000        1.2647000000000000E-002   16.664812833505277     
   1.0000000000000000        1.2902000000000000E-002   17.690452968413940     
   1.0000000000000000        1.3162999999999999E-002   18.847297369014331     
   1.0000000000000000        1.3429000000000000E-002   19.992324240474691     
   1.0000000000000000        1.3700000000000000E-002   21.198190847798305     
   1.0000000000000000        1.3977000000000000E-002   22.552998802507243     
   1.0000000000000000        1.4259000000000001E-002   23.895423238421689     
   1.0000000000000000        1.4546999999999999E-002   25.399868244658094     
   1.0000000000000000        1.4841000000000000E-002   26.987858737945245     
   1.0000000000000000        1.5141000000000000E-002   28.663285705665913     
   1.0000000000000000        1.5447000000000001E-002   30.430172756616706     
   1.0000000000000000        1.5758999999999999E-002   32.292678794827872     
   1.0000000000000000        1.6077000000000001E-002   34.255100693389473     
   1.0000000000000000        1.6402000000000000E-002   36.439530699784768     
   1.0000000000000000        1.6733999999999999E-002   38.747079519751033     
   1.0000000000000000        1.7072000000000000E-002   41.056104131013669     
   1.0000000000000000        1.7416000000000001E-002   43.484775171128568     
   1.0000000000000000        1.7767999999999999E-002   46.314259342369539     
   1.0000000000000000        1.8127000000000001E-002   49.163174876833189     
   1.0000000000000000        1.8492999999999999E-002   52.165870697751103     
   1.0000000000000000        1.8866999999999998E-002   55.484916392898391     
   1.0000000000000000        1.9248000000000001E-002   58.828461687333451     
   1.0000000000000000        1.9637000000000002E-002   62.516484967593968     
   1.0000000000000000        2.0034000000000000E-002   66.408246083979051     
   1.0000000000000000        2.0438000000000001E-002   70.330459302952960     
   1.0000000000000000        2.0851000000000001E-002   74.833831475641773     
   1.0000000000000000        2.1271999999999999E-002   79.394310400007356     
   1.0000000000000000        2.1701999999999999E-002   84.404109647453936     
   1.0000000000000000        2.2141000000000001E-002   89.692806247457682     
   1.0000000000000000        2.2588000000000000E-002   95.050252453991547     
   1.0000000000000000        2.3043999999999999E-002   100.91844269199923     
   1.0000000000000000        2.3510000000000000E-002   107.34663926484349     
   1.0000000000000000        2.3984999999999999E-002   113.88499603766539     
   1.0000000000000000        2.4469000000000001E-002   120.77192238406722     
   1.0000000000000000        2.4964000000000000E-002   128.56785967392213     
   1.0000000000000000        2.5468000000000001E-002   136.24183115964877     
   1.0000000000000000        2.5982000000000002E-002   144.60958142011214     
   1.0000000000000000        2.6506999999999999E-002   153.73557157028037     
   1.0000000000000000        2.7043000000000001E-002   163.36972123617980     
   1.0000000000000000        2.7588999999999999E-002   173.20284665724003     
   1.0000000000000000        2.8146000000000001E-002   183.89877804168185     
   1.0000000000000000        2.8715000000000001E-002   195.53561732588130     
   1.0000000000000000        2.9295000000000002E-002   207.44704463174844     
   1.0000000000000000        2.9887000000000000E-002   220.38430917124595     
   1.0000000000000000        3.0490000000000000E-002   233.62517526669993     
   1.0000000000000000        3.1106000000000002E-002   248.40614133134079     
   1.0000000000000000        3.1734999999999999E-002   264.01263711385712     
   1.0000000000000000        3.2376000000000002E-002   280.02491212326458     
   1.0000000000000000        3.3029999999999997E-002   297.36338966511590     
   1.0000000000000000        3.3696999999999998E-002   315.64546803507272     
   1.0000000000000000        3.4377999999999999E-002   335.43078320151227     
   1.0000000000000000        3.5071999999999999E-002   355.77089711105486     
   1.0000000000000000        3.5781000000000000E-002   378.30933226759083     
   1.0000000000000000        3.6504000000000002E-002   401.52547745647627     
   1.0000000000000000        3.7241000000000003E-002   425.99108926649927     
   1.0000000000000000        3.7992999999999999E-002   452.39319088232071     
   1.0000000000000000        3.8760999999999997E-002   480.89112307983038     
   1.0000000000000000        3.9544000000000003E-002   510.28838198157808     
   1.0000000000000000        4.0342999999999997E-002   541.97201773349047     
   1.0000000000000000        4.1158000000000000E-002   575.38572272044348     
   1.0000000000000000        4.1988999999999999E-002   610.60821132168928     
   1.0000000000000000        4.2838000000000001E-002   649.32599345611686     
   1.0000000000000000        4.3702999999999999E-002   688.54060544464198     
   1.0000000000000000        4.4586000000000001E-002   731.56221530768892     
   1.0000000000000000        4.5485999999999999E-002   776.04614017321205     
   1.0000000000000000        4.6405000000000002E-002   824.78069927926879     
   1.0000000000000000        4.7343000000000003E-002   876.21319442426318     
   1.0000000000000000        4.8299000000000002E-002   929.44836861156614     
   1.0000000000000000        4.9274999999999999E-002   987.63673968463183     
   1.0000000000000000        5.0270000000000002E-002   1047.9290852579666     
   1.0000000000000000        5.1285999999999998E-002   1113.7462110956835     
   1.0000000000000000        5.2322000000000000E-002   1182.0098459637722     
   1.0000000000000000        5.3379000000000003E-002   1255.1881004783220     
   1.0000000000000000        5.4456999999999998E-002   1332.3482047989801     
   1.0000000000000000        5.5557000000000002E-002   1415.0204200030748     
   1.0000000000000000        5.6680000000000001E-002   1503.6088365298929     
   1.0000000000000000        5.7825000000000001E-002   1595.6204017604059     
   1.0000000000000000        5.8992999999999997E-002   1694.0886783714709     
   1.0000000000000000        6.0184000000000001E-002   1797.8939139139800     
   1.0000000000000000        6.1400000000000003E-002   1910.5741037924020     
   1.0000000000000000        6.2641000000000002E-002   2029.4773323607162     
   1.0000000000000000        6.3906000000000004E-002   2153.1048932427157     
   1.0000000000000000        6.5197000000000005E-002   2287.0431918884983     
   1.0000000000000000        6.6514000000000004E-002   2428.3123336824406     
   1.0000000000000000        6.7858000000000002E-002   2579.2609420445469     
   1.0000000000000000        6.9228999999999999E-002   2738.4636597295821     
   1.0000000000000000        7.0626999999999995E-002   2906.2967527070250     
   1.0000000000000000        7.2054000000000007E-002   3087.6903469325844     
   1.0000000000000000        7.3510000000000006E-002   3279.0519039092437     
   1.0000000000000000        7.4994000000000005E-002   3478.3790467796175     
   1.0000000000000000        7.6508999999999994E-002   3695.9883908378793     
   1.0000000000000000        7.8054999999999999E-002   3925.5901390123740     
   1.0000000000000000        7.9631999999999994E-002   4167.7369189453502     
   1.0000000000000000        8.1240999999999994E-002   4425.8866968345255     
   1.0000000000000000        8.2881999999999997E-002   4698.0909412018882     
   1.0000000000000000        8.4556000000000006E-002   4988.1135522972872     
   1.0000000000000000        8.6263999999999993E-002   5297.1167374470788     
   1.0000000000000000        8.8007000000000002E-002   5626.3344077923439     
   1.0000000000000000        8.9785000000000004E-002   5973.5503063525712     
   1.0000000000000000        9.1597999999999999E-002   6339.5846558926523     
   1.0000000000000000        9.3449000000000004E-002   6736.7429317312271     
   1.0000000000000000        9.5337000000000005E-002   7151.8479799501611     
   1.0000000000000000        9.7263000000000002E-002   7593.5455895442992     
   1.0000000000000000        9.9226999999999996E-002   8059.2053749869319     
   1.0000000000000000       0.10123000000000000        8554.3897338471834     
   1.0000000000000000       0.10328000000000000        9113.5942971617533     
   1.0000000000000000       0.10536000000000000        9622.6475703177821     
   1.0000000000000000       0.10749000000000000        10256.797467528357     
   1.0000000000000000       0.10965999999999999        10875.424725229281     
   1.0000000000000000       0.11187999999999999        11581.368445192722     
   1.0000000000000000       0.11414000000000001        12270.910615043376     
   1.0000000000000000       0.11644000000000000        12996.138790283792     
   1.0000000000000000       0.11880000000000000        13881.994558383500     
   1.0000000000000000       0.12120000000000000        14692.966264459625     
   1.0000000000000000       0.12365000000000000        15611.692115586080     
   1.0000000000000000       0.12614000000000000        16511.415624843336     
   1.0000000000000000       0.12869000000000000        17600.526932714158     
   1.0000000000000000       0.13128999999999999        18677.983082836712     
   1.0000000000000000       0.13394000000000000        19813.249538382628     
   1.0000000000000000       0.13664999999999999        21090.560525426459     
   1.0000000000000000       0.13941000000000001        22355.737199553751     
   1.0000000000000000       0.14223000000000000        23775.522053297285     
   1.0000000000000000       0.14510000000000001        25182.842535272212     
   1.0000000000000000       0.14802999999999999        26758.279074363876     
   1.0000000000000000       0.15101999999999999        28420.544650874432     
   1.0000000000000000       0.15407000000000001        30173.641601886608     
   1.0000000000000000       0.15717999999999999        32021.707114080997     
   1.0000000000000000       0.16036000000000000        34081.483163343350     
   1.0000000000000000       0.16360000000000000        36141.414292252703     
   1.0000000000000000       0.16689999999999999        38310.080475118411     
   1.0000000000000000       0.17027999999999999        40845.809820568029     
   1.0000000000000000       0.17371000000000000        43134.453705000837     
   1.0000000000000000       0.17721999999999999        45943.750462351549     
   1.0000000000000000       0.18079999999999999        48772.232694104678     
   1.0000000000000000       0.18446000000000001        51902.378945929748     
   1.0000000000000000       0.18817999999999999        54900.390499874535     
   1.0000000000000000       0.19198000000000001        58369.604339085738     
   1.0000000000000000       0.19586000000000001        62032.318262197514     
   1.0000000000000000       0.19982000000000000        65897.599753982446     
   1.0000000000000000       0.20386000000000001        69974.827492092954     
   1.0000000000000000       0.20796999999999999        74084.521657512421     
   1.0000000000000000       0.21218000000000001        78993.752288159289     
   1.0000000000000000       0.21646000000000001        83576.775951170202     
   1.0000000000000000       0.22083000000000000        88815.284462086653     
   1.0000000000000000       0.22530000000000000        94565.200659722104     
   1.0000000000000000       0.22985000000000000        100182.52795551106     
   1.0000000000000000       0.23449000000000000        106330.15921553495     
   1.0000000000000000       0.23923000000000000        113059.01070548072     
   1.0000000000000000       0.24406000000000000        119903.19263632427     
   1.0000000000000000       0.24898999999999999        127380.60016053026     
   1.0000000000000000       0.25402000000000002        135268.51504673919     
   1.0000000000000000       0.25914999999999999        143585.75544973215     
   1.0000000000000000       0.26439000000000001        152657.49802615450     
   1.0000000000000000       0.26973000000000003        161916.75418739411     
   1.0000000000000000       0.27517999999999998        171998.21901927190     
   1.0000000000000000       0.28073999999999999        182632.05494821246     
   1.0000000000000000       0.28641000000000000        193843.51155483420     
   1.0000000000000000       0.29219000000000001        205658.68110102383     
   1.0000000000000000       0.29809999999999998        218881.79409202392     
   1.0000000000000000       0.30412000000000000        232048.02346547297     
   1.0000000000000000       0.31025999999999998        246326.00879150096     
   1.0000000000000000       0.31652999999999998        261813.32533612207     
   1.0000000000000000       0.32291999999999998        277703.08188185247     
   1.0000000000000000       0.32945000000000002        295385.64479581697     
   1.0000000000000000       0.33610000000000001        313074.78641689301     
   1.0000000000000000       0.34288999999999997        332715.07385758247     
   1.0000000000000000       0.34982000000000002        353441.31785370305     
   1.0000000000000000       0.35688999999999999        375303.78880663886     
   1.0000000000000000       0.36409000000000002        397774.66086793819     
   1.0000000000000000       0.37145000000000000        423227.85861134680     
   1.0000000000000000       0.37895000000000001        448865.03710257064     
   1.0000000000000000       0.38661000000000001        477167.02544549439     
   1.0000000000000000       0.39441999999999999        506362.72129710426     
   1.0000000000000000       0.40239000000000003        537832.09157315362     
   1.0000000000000000       0.41052000000000000        571021.76936215628     
   1.0000000000000000       0.41881000000000002        606010.14390706772     
   1.0000000000000000       0.42726999999999998        643676.65028333431     
   1.0000000000000000       0.43590000000000001        683402.68578453851     
   1.0000000000000000       0.44470999999999999        726147.11517465673     
   1.0000000000000000       0.45368999999999998        770345.98450066708     
   1.0000000000000000       0.46285999999999999        818773.47184875759     
   1.0000000000000000       0.47221000000000002        868909.70244926633     
   1.0000000000000000       0.48174000000000000        921736.96860697563     
   1.0000000000000000       0.49147999999999997        980544.08815402188     
   1.0000000000000000       0.50141000000000002        1040467.9584204588     
