2.000000000000000042e-02 2.700548948241486414e+03 1.436934940974273331e+02 6.526642631838644775e+02 1.155714255539109672e+03 3.185390474031157282e+03 4.117202123432322878e+03 1.255442677778221423e+03 1.201795992032255754e+03
4.000000000000000083e-02 8.216463088897429770e+03 1.047578521315067746e+03 3.026714351905960484e+03 4.384011575677503970e+03 7.178313089036236306e+03 6.866591946318470946e+03 2.444962951129544308e+03 1.743891962123422218e+03
5.999999999999999778e-02 1.563596037267950305e+04 3.203448998641480557e+03 7.074003424207465287e+03 8.996252511055814466e+03 1.071192809112285067e+04 8.312410422173199549e+03 3.175044846782603599e+03 1.874650574072025165e+03
8.000000000000000167e-02 2.455427013493836421e+04 6.863838990313984141e+03 1.248879277388235096e+04 1.435506938730757975e+04 1.350270087961138597e+04 8.825522982645170487e+03 3.492772290492926459e+03 1.782290248107505022e+03
1.000000000000000056e-01 3.470648119298151141e+04 1.210232698286789127e+04 1.890666328358954343e+04 1.995667092227585817e+04 1.551720816923270468e+04 8.720397951707138418e+03 3.508386073481136009e+03 1.584191725324562640e+03
2.000000000000000111e-01 9.828347460726019926e+04 5.756287149267300993e+04 5.494980748929062247e+04 4.202994731846424838e+04 1.697568974181913291e+04 5.129983766521749203e+03 1.978213477295131270e+03 5.656876353904757480e+02
2.999999999999999889e-01 1.740833424989213236e+05 1.148412118446916575e+05 8.048773159872251563e+04 4.788487058626888756e+04 1.229778240385810386e+04 2.190495493776978037e+03 7.437742198941654124e+02 1.496433977074204904e+02
4.000000000000000222e-01 2.544466560820040468e+05 1.605355157711521606e+05 8.905423234886255523e+04 4.242203567476887110e+04 7.525475149551708455e+03 8.203448783248336440e+02 2.368928285199299921e+02 3.501029604376258675e+01
5.000000000000000000e-01 3.347475173856815672e+05 1.846702812193959544e+05 8.449260061292207683e+04 3.274340444254382237e+04 4.198372692120447027e+03 2.859123794490486148e+02 6.889368298909869281e+01 7.657821057467026904e+00
5.999999999999999778e-01 4.120214168521566316e+05 1.877939312985572033e+05 7.273696576896123588e+04 2.316289757847542569e+04 2.209153814712602980e+03 9.521900476089679444e+01 1.891615471795710235e+01 1.605191342366633078e+00
6.999999999999999556e-01 4.843575174036238459e+05 1.753952058285210805e+05 5.855322283099825290e+04 1.542882489031596742e+04 1.116454870569462628e+03 3.073179420641287152e+01 4.991740101689832620e+00 3.267308335771496042e-01
8.000000000000000444e-01 5.505612616666628746e+05 1.539253054956773412e+05 4.487631219378960668e+04 9.834402595214489338e+03 5.478046705313881830e+02 9.693453657442384852e+00 1.279548137877343450e+00 6.509013655461029502e-02
9.000000000000000222e-01 6.099428756591685815e+05 1.288092611467473616e+05 3.312782323187471775e+04 6.061165999657791872e+03 2.627910912247486976e+02 3.004357420887458385e+00 3.207944018057207192e-01 1.275580834964060509e-02
1.000000000000000000e+00 6.621747188672384946e+05 1.038223886849904957e+05 2.374205886473135251e+04 3.637828495013277006e+03 1.238412843030417321e+02 9.183660508514042142e-01 7.903093084896103959e-02 2.467600017557950668e-03
1.100000000000000089e+00 7.071904673583193216e+05 8.118076092652622901e+04 1.661297676251238954e+04 2.137009048186351265e+03 5.752627917054586959e+01 2.775994770501638009e-01 1.919635755245623077e-02 4.723782102258701010e-04
1.199999999999999956e+00 7.451116445051002083e+05 6.190570435507577349e+04 1.139703767487332152e+04 1.233312645209800394e+03 2.640602729186420561e+01 8.313947780985773972e-02 4.608541807371911367e-03 8.964921907022351802e-05
1.300000000000000044e+00 7.761929908150787232e+05 4.622407708552487748e+04 7.690027450656715700e+03 7.012557218097490477e+02 1.200061470748555692e+01 2.470729266687817297e-02 1.095582150767631996e-03 1.689067987633485941e-05
1.399999999999999911e+00 8.007813171331514604e+05 3.390173647380636976e+04 5.115931385757831777e+03 3.937087411807062267e+02 5.407679440158219109e+00 7.294110940005382911e-03 2.582828790510811987e-04 3.162714386965180601e-06
1.500000000000000000e+00 8.192842842287305975e+05 2.448312057148499662e+04 3.362252338174687338e+03 2.186398552590643192e+02 2.418997604762768372e+00 2.141141496764234400e-03 6.045287767761861483e-05 5.890555389831463466e-07
1.600000000000000089e+00 8.321466447482198710e+05 1.744493514022092131e+04 2.186392713253423153e+03 1.202685569076909928e+02 1.075197265771770105e+00 6.254085008757790439e-04 1.406090460219702059e-05 1.092031553890977745e-07
1.699999999999999956e+00 8.398321827580062672e+05 1.228396448251284892e+04 1.408566555480920442e+03 6.560616371110420175e+01 4.752316777737308207e-01 1.818817056538647161e-04 3.252483511536687906e-06 2.016236944692425624e-08
1.800000000000000044e+00 8.428100529437991790e+05 8.559758927049324484e+03 8.999969017112226766e+02 3.552402808019495950e+01 2.090093491526292535e-01 5.269114470790485977e-05 7.486802774813478104e-07 3.709181982468501270e-09
1.899999999999999911e+00 8.415445444824910956e+05 5.909220103087013740e+03 5.708303100214508277e+02 1.910876496826562843e+01 9.151715338659863197e-02 1.521216485130339565e-05 1.715878590265081664e-07 6.801657315774902378e-10
2.000000000000000000e+00 8.364875247488131281e+05 4.045391622112402274e+03 3.596694867977328158e+02 1.021810018178845780e+01 3.991289005650099087e-02 4.378271104282027532e-06 3.917235560015882116e-08 1.243641116315865696e-10
