2.167171175568312719e+03 5.521191255378161031e+02 6.950674353255161577e+02
7.680430397576084033e+03 2.842968733258735938e+03 1.842718786056259432e+03
8.840276270050169842e+03 3.530037937741127280e+03 1.704492513645567897e+03
7.971646446127582749e+03 3.219013455578317462e+03 1.254544348654931355e+03
6.436535100406621495e+03 2.552611225363100857e+03 8.326365468212112546e+02
4.878241742406565209e+03 1.868418429370912463e+03 5.208150384027230757e+02
3.548364170316759100e+03 1.298350714684612740e+03 3.134744969576901212e+02
2.507645576213797995e+03 8.698936819307708674e+02 1.836504866908824170e+02
1.734698239197642806e+03 5.672871842312542867e+02 1.054612691164790732e+02
1.180401138170797140e+03 3.623213785467281127e+02 5.963448197944337892e+01
7.927824085972857802e+02 2.276142134956307927e+02 3.331060792699611284e+01
5.268126615883523982e+02 1.410778282985889689e+02 1.842213468101403251e+01
3.469958312398364910e+02 8.647066823218075626e+01 1.010432875886149517e+01
2.268612953980195357e+02 5.250385971892271897e+01 5.503626844261853002e+00
1.473788892245951558e+02 3.162432367882124851e+01 2.979923603750093797e+00
9.521900476089679444e+01 1.891615471795710235e+01 1.605191342366633078e+00
