2.000000000000000042e-02 4.035729201954578826e+01 5.683889738558636218e+00 2.194670812233713875e+01 3.628256715686810452e+01 8.385076010872440122e+01 9.859525668589164127e+01 3.174277132427133097e+01 2.766284279147916436e+01
4.000000000000000083e-02 1.149342406418958689e+02 2.939614347710254805e+01 7.816934408628790720e+01 1.089374511709499416e+02 1.623270157031142560e+02 1.464574134509543626e+02 5.332227728751308149e+01 3.605445964095263633e+01
5.999999999999999778e-02 2.203115432419484705e+02 7.976284299922551213e+01 1.665356286578855247e+02 2.058843143101444753e+02 2.295000391598418901e+02 1.701148605385210146e+02 6.570061601910424542e+01 3.729923536127414962e+01
8.000000000000000167e-02 3.526306504593336513e+02 1.608462168400194798e+02 2.804613912953303725e+02 3.150145941277977499e+02 2.813919997757352576e+02 1.768197499942124580e+02 7.035482133088949297e+01 3.476927293447846523e+01
1.000000000000000056e-01 9.537640181575490715e+03 6.527381964423435420e+03 7.404603373990027649e+03 6.442591797722670890e+03 3.437955578497346323e+03 1.415400854361723077e+03 5.652835381780465696e+02 2.062614327051508667e+02
2.000000000000000111e-01 2.181316134491552293e+04 1.727582135757772994e+04 1.382242352888992718e+04 9.244853698493170668e+03 2.959897255681494244e+03 7.014561258738580136e+02 2.572881579241640111e+02 6.346243373736112403e+01
2.999999999999999889e-01 3.669834667152305337e+04 2.785475280608445246e+04 1.722008159400156728e+04 9.153637135678984123e+03 1.962724017519156405e+03 2.811442994857390545e+02 8.946118337543848043e+01 1.589457122222467866e+01
4.000000000000000222e-01 5.298182085699940944e+04 3.489845043391912623e+04 1.752310627297543033e+04 7.541409696178739978e+03 1.146994114787427179e+03 1.018712345592501407e+02 2.736233617247857097e+01 3.614411804961773278e+00
5.000000000000000000e-01 6.979463664333079942e+04 3.755849746479581518e+04 1.579757062093453897e+04 5.568318899675744433e+03 6.220664850035494737e+02 3.479286141538314325e+01 7.762827651758679615e+00 7.769189192063832294e-01
5.999999999999999778e-01 8.650215760551135463e+04 3.652266657011826464e+04 1.313963485736739494e+04 3.823065252395898824e+03 3.211336581803867034e+02 1.142956384107343837e+01 2.096100465349556519e+00 1.609458958620502145e-01
6.999999999999999556e-01 1.026420927632166859e+05 3.303330895404308831e+04 1.031884267270812052e+04 2.492359239904583774e+03 1.600729873985312111e+02 3.652582461391871149e+00 5.465137625590978931e-01 3.248276224945426810e-02
8.000000000000000444e-01 1.178832805988119653e+05 2.829758195438759140e+04 7.762408550379688677e+03 1.563085479256114240e+03 7.772909845506528370e+01 1.143526599759043139e+00 1.388222892693287969e-01 6.429702323166154240e-03
9.000000000000000222e-01 1.319960219364404911e+05 2.323826300294402972e+04 5.647395510524628662e+03 9.512420406551880205e+02 3.698578190976544278e+01 3.523559057152976792e-01 3.455775234736757628e-02 1.253730585514000774e-03
1.000000000000000000e+00 1.448297213628435857e+05 1.844970116831631094e+04 4.000367392984524486e+03 5.651495640692171492e+02 1.731612017486702015e+01 1.072028710415237618e-01 8.465247220687522473e-03 2.415572191994202979e-04
1.100000000000000089e+00 1.562955550979437830e+05 1.424878618321808426e+04 2.772478005699700589e+03 3.292359703488477294e+02 8.000563780582258033e+00 3.228007848651138351e-02 2.046583235470377394e-03 4.608902826787823732e-05
1.199999999999999956e+00 1.663527947213924490e+05 1.075405582296377906e+04 1.886855924084421304e+03 1.886909223916426015e+02 3.656027777608605867e+00 9.636591965202376264e-03 4.894143013228201841e-04 8.722737824294461186e-06
1.300000000000000044e+00 1.749978942845938727e+05 7.959996367496496532e+03 1.264534242155452375e+03 1.066576089728334580e+02 1.655227760355991951e+00 2.855971821428225903e-03 1.159628301201043955e-04 1.639586905556829271e-06
1.399999999999999911e+00 1.822557233089146612e+05 5.794412973719724505e+03 8.363741544557893803e+02 5.957868928661115149e+01 7.434404699171586195e-01 8.411648791255495238e-04 2.726049000648726300e-05 3.063882240650022040e-07
1.500000000000000000e+00 1.881724983268925571e+05 4.157474237188967891e+03 5.469074175456773901e+02 3.294098420241994063e+01 3.316184863248591852e-01 2.464157661810101752e-04 6.364764778120904165e-06 5.696504954691395387e-08
1.600000000000000089e+00 1.928100773536720371e+05 2.945500756509272833e+03 3.540719022960638540e+02 1.805042628491477785e+01 1.470319881282295127e-01 7.184734141804524849e-05 1.477198402639023195e-06 1.054439147638083108e-08
1.699999999999999956e+00 1.962413586801517813e+05 2.063693478736387078e+03 2.272191363473170327e+02 9.813036652483548394e+00 6.484480362777637896e-02 2.086171830461508060e-05 3.410440428442244374e-07 1.944193766735198903e-09
1.800000000000000044e+00 1.985465805919551931e+05 1.431616768854812790e+03 1.446771899927534832e+02 5.297456051008458289e+00 2.846338899400891950e-02 6.035152678860327884e-06 7.837057690249448548e-08 3.572337713924034734e-10
1.899999999999999911e+00 1.998103595059650543e+05 9.843685249686744783e+02 9.147775045275811578e+01 2.841852652986354144e+00 1.244122226021861927e-02 1.740182741561010302e-06 1.793418517446554971e-08 6.543650843077230434e-11
2.000000000000000000e+00 2.001193351031912316e+05 6.714654647552258666e+02 5.747722302444834241e+01 1.515932241631876121e+00 5.417373208528522208e-03 5.002808380430874538e-07 4.088640197455641776e-09 1.195302808374076958e-11
