1.000000000000000056e-01 1.995667092227585817e+04 1.000000000000000056e-01 1.551720816923270468e+04
1.799999999999999933e-01 3.887964861699689209e+04 1.466666666666666674e-01 1.762217362373451397e+04
2.600000000000000089e-01 4.734176660696679755e+04 1.933333333333333570e-01 1.717455547916116484e+04
3.399999999999999689e-01 4.661380712589046016e+04 2.400000000000000189e-01 1.535878296464418236e+04
4.200000000000000400e-01 4.064038447571662255e+04 2.866666666666666807e-01 1.299705057964434673e+04
5.000000000000000000e-01 3.274340444254382237e+04 3.333333333333333703e-01 1.058326922150709106e+04
5.799999999999999600e-01 2.495951202736737105e+04 3.800000000000000044e-01 8.376785144721317920e+03
6.600000000000000311e-01 1.826132406515727052e+04 4.266666666666666385e-01 6.487519745575431443e+03
7.399999999999999911e-01 1.294493397707208896e+04 4.733333333333333837e-01 4.938454272875863353e+03
8.199999999999999512e-01 8.948768878427095842e+03 5.200000000000000178e-01 3.707022261412938406e+03
9.000000000000000222e-01 6.061165999657791872e+03 5.666666666666666519e-01 2.750599714141441837e+03
9.799999999999999822e-01 4.036373955549461243e+03 6.133333333333332860e-01 2.021133553895206433e+03
1.060000000000000053e+00 2.649872786957086191e+03 6.600000000000000311e-01 1.472820196252750975e+03
1.140000000000000124e+00 1.718543029512731891e+03 7.066666666666666652e-01 1.065578967209253960e+03
1.220000000000000195e+00 1.102851015673807979e+03 7.533333333333332993e-01 7.661290451824120282e+02
1.300000000000000044e+00 7.012557218097490477e+02 8.000000000000000444e-01 5.478046705313881830e+02
