5.999999999999999778e-01 2.108555669957420609e+00
6.141414141414140992e-01 2.168658748000254821e+00
6.282828282828282207e-01 2.225267343140081344e+00
6.424242424242423422e-01 2.278259532255168640e+00
6.565656565656565746e-01 2.327536319663165543e+00
6.707070707070706961e-01 2.373020820799052633e+00
6.848484848484848175e-01 2.414657340634954075e+00
6.989898989898989390e-01 2.452410366230233230e+00
7.131313131313130604e-01 2.486263491335771736e+00
7.272727272727272929e-01 2.516218289505729455e+00
7.414141414141414144e-01 2.542293150713395011e+00
7.555555555555555358e-01 2.564522095041506411e+00
7.696969696969696573e-01 2.582953575634596710e+00
7.838383838383837787e-01 2.597649281772089758e+00
7.979797979797980112e-01 2.608682951653631843e+00
8.121212121212120216e-01 2.616139203288380344e+00
8.262626262626262541e-01 2.620112390751674791e+00
8.404040404040403756e-01 2.620705492017808336e+00
8.545454545454544970e-01 2.618029033597857325e+00
8.686868686868687295e-01 2.612200056306547946e+00
8.828282828282827399e-01 2.603341125651065902e+00
8.969696969696969724e-01 2.591579389575805692e+00
9.111111111111110938e-01 2.577045685608371439e+00
9.252525252525252153e-01 2.559873698830589461e+00
9.393939393939393367e-01 2.540199171541193568e+00
9.535353535353534582e-01 2.518159164980669829e+00
9.676767676767676907e-01 2.493891373050265425e+00
9.818181818181817011e-01 2.467533487572468154e+00
9.959595959595959336e-01 2.439222614306247650e+00
1.010101010101009944e+00 2.409094738642856282e+00
1.024242424242424176e+00 2.377284239663914001e+00
1.038383838383838409e+00 2.343923451039125805e+00
1.052525252525252419e+00 2.309142267072984644e+00
1.066666666666666652e+00 2.273067792074928928e+00
1.080808080808080884e+00 2.235824031122639166e+00
1.094949494949494895e+00 2.197531620210335213e+00
1.109090909090908905e+00 2.158307593720420581e+00
1.123232323232323138e+00 2.118265187124916071e+00
1.137373737373737370e+00 2.077513672810370249e+00
1.151515151515151381e+00 2.036158226923964865e+00
1.165656565656565613e+00 1.994299825157360262e+00
1.179797979797979846e+00 1.952035165416263984e+00
1.193939393939393856e+00 1.909456615366057930e+00
1.208080808080807866e+00 1.866652182895454315e+00
1.222222222222222321e+00 1.823705507599357123e+00
1.236363636363636331e+00 1.780695871447702361e+00
1.250505050505050342e+00 1.737698226877580909e+00
1.264646464646464574e+00 1.694783240620530096e+00
1.278787878787878807e+00 1.652017351654138322e+00
1.292929292929292817e+00 1.609462841746526429e+00
1.307070707070707050e+00 1.567177917142710930e+00
1.321212121212121282e+00 1.525216800022857422e+00
1.335353535353535293e+00 1.483629828443161491e+00
1.349494949494949303e+00 1.442463563550198336e+00
1.363636363636363535e+00 1.401760902938422149e+00
1.377777777777777768e+00 1.361561199097830244e+00
1.391919191919191778e+00 1.321900381974148386e+00
1.406060606060606011e+00 1.282811084737071283e+00
1.420202020202020243e+00 1.244322771922842685e+00
1.434343434343434254e+00 1.206461869185542657e+00
1.448484848484848264e+00 1.169251893956858357e+00
1.462626262626262497e+00 1.132713586376572046e+00
1.476767676767676729e+00 1.096865039915587037e+00
1.490909090909090740e+00 1.061721831169870844e+00
1.505050505050504972e+00 1.027297148357331436e+00
1.519191919191919204e+00 9.936019181001980449e-01
1.533333333333333215e+00 9.606449301231562155e-01
1.547474747474747447e+00 9.284329595421734194e-01
1.561616161616161680e+00 8.969708864608747501e-01
1.575757575757575690e+00 8.662618126302953359e-01
1.589898989898989701e+00 8.363071749642883024e-01
1.604040404040404155e+00 8.071068557365335128e-01
1.618181818181818166e+00 7.786592893162795903e-01
1.632323232323232176e+00 7.509615653287279313e-01
1.646464646464646187e+00 7.240095281523992732e-01
1.660606060606060641e+00 6.977978726899632944e-01
1.674747474747474651e+00 6.723202363711704432e-01
1.688888888888888662e+00 6.475692873665003235e-01
1.703030303030303116e+00 6.235368090083626136e-01
1.717171717171717127e+00 6.002137804330318627e-01
1.731313131313131137e+00 5.775904534711191474e-01
1.745454545454545148e+00 5.556564258275189516e-01
1.759595959595959602e+00 5.344007106033177301e-01
1.773737373737373613e+00 5.138118022223286951e-01
1.787878787878787623e+00 4.938777388338522201e-01
1.802020202020202078e+00 4.745861612708945354e-01
1.816161616161616088e+00 4.559243686496989856e-01
1.830303030303030098e+00 4.378793707019230652e-01
1.844444444444444553e+00 4.204379369354177554e-01
1.858585858585858563e+00 4.035866427232558951e-01
1.872727272727272574e+00 3.873119124235396837e-01
1.886868686868686584e+00 3.716000596347135421e-01
1.901010101010101039e+00 3.564373246925977567e-01
1.915151515151515049e+00 3.418099095162425161e-01
1.929292929292929060e+00 3.277040099100627657e-01
1.943434343434343514e+00 3.141058454295759805e-01
1.957575757575757525e+00 3.010016869174576559e-01
1.971717171717171535e+00 2.883778818156715884e-01
1.985858585858585545e+00 2.762208773581079080e-01
2.000000000000000000e+00 2.645172417465114778e-01
