6.999999999999999556e-01 1.750000000000000036e-03
8.000000000000000444e-01 2.680000000000000090e-03
9.000000000000000222e-01 2.560000000000000209e-03
1.000000000000000000e+00 2.350000000000000092e-03
1.100000000000000089e+00 2.120000000000000356e-03
1.199999999999999956e+00 1.879999999999999944e-03
1.300000000000000044e+00 1.680000000000000070e-03
1.399999999999999911e+00 1.399999999999999986e-03
1.500000000000000000e+00 1.120000000000000119e-03
1.600000000000000089e+00 8.100000000000000646e-04
1.699999999999999956e+00 5.300000000000000891e-04
1.800000000000000044e+00 4.899999999999999842e-04
1.899999999999999911e+00 2.900000000000000017e-04
2.000000000000000000e+00 1.600000000000000131e-04
