# Euclid, z=1
# k [Mpc^-1] // dP/P
2.78340e-03 1.25311e+00
3.13897e-03 9.46077e-01
3.53995e-03 7.87524e-01
3.99216e-03 6.55692e-01
4.50214e-03 5.46254e-01
5.07726e-03 4.55106e-01
5.72586e-03 3.79380e-01
6.45730e-03 3.16294e-01
7.28219e-03 2.63795e-01
8.21245e-03 2.20071e-01
9.26155e-03 1.83632e-01
1.04447e-02 1.53298e-01
1.17789e-02 1.27985e-01
1.32836e-02 1.06921e-01
1.49805e-02 8.93426e-02
1.68942e-02 7.47067e-02
1.90523e-02 6.25035e-02
2.14862e-02 5.23329e-02
2.42309e-02 4.38561e-02
2.73263e-02 3.67727e-02
3.08171e-02 3.08537e-02
3.47538e-02 2.58784e-02
3.91934e-02 2.17056e-02
4.42001e-02 1.82118e-02
4.98465e-02 1.53192e-02
5.62141e-02 1.29529e-02
6.33951e-02 1.10222e-02
7.14935e-02 9.40392e-03
8.06264e-02 7.99335e-03
9.09260e-02 6.82782e-03
1.02541e-01 5.96027e-03
1.15640e-01 5.26196e-03
1.30413e-01 4.63422e-03
1.47072e-01 4.24988e-03
1.65860e-01 3.99036e-03
1.87048e-01 3.88791e-03
2.10942e-01 4.02392e-03

