#z     rms=0  rms=1 rms=3 rms=5  rms=6  rms=7.3    rms=10  rms=23  rms=40 rms=70 rms=100  
0.2   0.83   0.81      0.74     0.72     0.7       0.7             0.66       0.6        0.48      0.53       0.58
0.4   1.03   0.84      0.65     0.62    0.63      0.62          0.63        0.72      0.73     0.92        0.94 
0.6   1.0    0.73       0.75     0.79     0.8      0.82           0.9         1.0         1.2   
0.8   1.07   0.8       0.94      1.04    1.07    1.11           1.2         1.62        1.2       22         1.0
1.0   1.12   0.97     1.2        1.35     1.4     1.5            1.56         2.4         3.2      24 
1.2   1.32   1.37     1.85       2.2      2.4     2.7            2.9
1.4   1.45   2.0       3.0       4.5        5.7     5.5           8.0           55
1.6   1.5    2.4       4.0        5.2       6.0     7.0           9.0
1.8   1.7    3.0      4.7        5.5       6.0     7.0
2.0   2.1    5.5      11.0

