       6277213.38889             0.22005
      12224814.75565             0.10894
      15875224.23391             0.06395
      17463861.45246             0.04026
      17541930.36741             0.02634
       9891067.38648             0.00407
       3718871.09947             0.00075
       1184464.14260             0.00015
        344468.41495             0.00003
         94580.77359             0.00001
         24958.70051             0.00000
          6397.74069             0.00000
          1603.97201             0.00000
           395.15465             0.00000
            95.98179             0.00000
            23.04271             0.00000
             5.47791             0.00000
             1.29141             0.00000
             0.30226             0.00000
             0.07030             0.00000
             0.01626             0.00000
             0.00374             0.00000
             0.00086             0.00000
             0.00020             0.00000
