      95561714.22093             0.55833
     215349392.67109             0.31984
     321357842.73369             0.21576
     405081026.38834             0.15565
     465516245.07698             0.11650
     509270692.25457             0.03492
     368933472.11574             0.01239
     225764254.48655             0.00472
     125951180.76361             0.00187
      66274614.44138             0.00076
      33493646.11708             0.00031
      16434140.11594             0.00013
       7883732.73674             0.00006
       3715238.52909             0.00002
       1725788.37512             0.00001
        792180.81876             0.00000
        360018.44122             0.00000
        162230.38320             0.00000
         72569.92814             0.00000
         32255.91797             0.00000
         14256.95033             0.00000
          6270.28047             0.00000
          2745.51460             0.00000
          1197.38670             0.00000
