       6008979.96016             0.21065
       8719459.81062             0.07770
       9373252.87036             0.03776
       8911451.24054             0.02054
       7920958.62662             0.01189
       2828438.17695             0.00116
        748216.98854             0.00015
        175051.48022             0.00002
         38289.10529             0.00000
          8025.95671             0.00000
          1633.65417             0.00000
           325.45068             0.00000
            63.77904             0.00000
            12.33800             0.00000
             2.36189             0.00000
             0.44825             0.00000
             0.08445             0.00000
             0.01581             0.00000
             0.00295             0.00000
             0.00055             0.00000
             0.00010             0.00000
             0.00002             0.00000
             0.00000             0.00000
             0.00000             0.00000
