      20586010.61716             0.67907
      34332959.73159             0.28810
      41562052.11087             0.15777
      44127614.91323             0.09593
      43601989.75854             0.06178
      25649918.83261             0.00999
      10952477.46888             0.00210
       4101724.39162             0.00049
       1429561.89725             0.00012
        476095.02380             0.00003
        153658.97103             0.00001
         48467.26829             0.00000
         15021.78710             0.00000
          4591.83025             0.00000
          1387.99739             0.00000
           415.69739             0.00000
           123.53646             0.00000
            36.47055             0.00000
            10.70571             0.00000
             3.12704             0.00000
             0.90941             0.00000
             0.26346             0.00000
             0.07606             0.00000
             0.02189             0.00000
