      19579927.89552             0.11440
      90801430.55718             0.13486
     212220102.72622             0.14249
     374663783.21647             0.14396
     567199898.50769             0.14195
    1648494224.67872             0.11302
    2414631947.96168             0.08106
    2671626970.46588             0.05582
    2534778018.38766             0.03762
    2182108973.06884             0.02501
    1756596684.92995             0.01647
    1346289365.81369             0.01076
     993834696.95624             0.00699
     712261765.94194             0.00452
     498389302.87537             0.00290
     341911130.24620             0.00186
     230700823.51970             0.00118
     153477941.57273             0.00075
     100867570.14524             0.00047
      65591781.39760             0.00030
      42256996.66443             0.00019
      26999907.05134             0.00012
      17124909.30064             0.00007
      10790084.60393             0.00005
