      34671427.66617             0.20257
     131520347.27033             0.19534
     269887575.33167             0.18120
     430652081.61923             0.16547
     598700127.66828             0.14983
    1260898419.55393             0.08645
    1436546117.58807             0.04823
    1272661070.24307             0.02659
     982302133.27631             0.01458
     694886927.35426             0.00796
     462864746.70948             0.00434
     295032077.85643             0.00236
     181834979.98973             0.00128
     109134854.85040             0.00069
      64110271.44559             0.00037
      36999379.35629             0.00020
      21037671.65429             0.00011
      11811262.23542             0.00006
       6559195.65777             0.00003
       3608056.70723             0.00002
       1968184.91133             0.00001
       1065720.84241             0.00000
        573262.94905             0.00000
        306543.00545             0.00000
