            26.25000             0.00175
            40.20000             0.00268
            38.40000             0.00256
            35.25000             0.00235
            31.80000             0.00212
            28.20000             0.00188
            25.20000             0.00168
            21.00000             0.00140
            16.80000             0.00112
            12.15000             0.00081
             7.95000             0.00053
             7.35000             0.00049
             4.35000             0.00029
             2.40000             0.00016
