      20586010.61716********************
      34332959.73159********************
      41562052.11087********************
      44127614.91323********************
      43601989.75854********************
      25649918.83261********************
      10952477.4688822061922274212.64063
       4101724.39162 5142021782296.98730
       1429561.89725 1272905485505.96069
        476095.02380  327383077669.88501
        153658.97103   86428862724.88014
         48467.26829   23247332479.24085
         15021.78710    6339562111.46713
          4591.83025    1746728131.17108
          1387.99739     485057118.94186
           415.69739     135506992.78553
           123.53646      38029990.62373
            36.47055      10710784.88139
            10.70571       3024722.49636
             3.12704        855924.64007
             0.90941        242575.75629
             0.26346         68824.52633
             0.07606         19542.54007
             0.02189          5551.96769
