1.500000000000000000e+04 5.499999999999999334e-01 6.500000000000000222e-01 2.108555669957420508e-03 1.264911064067351765e+00 2.000000000000000111e-01 1.600000000000000077e-03
1.500000000000000000e+04 5.641414141414140548e-01 6.641414141414141437e-01 2.168658748000255009e-03 1.270488651716895179e+00 2.000000000000000111e-01 1.614141414141414231e-03
1.500000000000000000e+04 5.782828282828281763e-01 6.782828282828282651e-01 2.225267343140081410e-03 1.276041859925773903e+00 2.000000000000000111e-01 1.628282828282828169e-03
1.500000000000000000e+04 5.924242424242422977e-01 6.924242424242423866e-01 2.278259532255168685e-03 1.281571005611566783e+00 2.000000000000000111e-01 1.642424242424242323e-03
1.500000000000000000e+04 6.065656565656565302e-01 7.065656565656566190e-01 2.327536319663165570e-03 1.287076398884563710e+00 2.000000000000000111e-01 1.656565656565656694e-03
1.500000000000000000e+04 6.207070707070706517e-01 7.207070707070707405e-01 2.373020820799052848e-03 1.292558343250729491e+00 2.000000000000000111e-01 1.670707070707070632e-03
1.500000000000000000e+04 6.348484848484847731e-01 7.348484848484848619e-01 2.414657340634954012e-03 1.298017135806952549e+00 2.000000000000000111e-01 1.684848484848484786e-03
1.500000000000000000e+04 6.489898989898988946e-01 7.489898989898989834e-01 2.452410366230233126e-03 1.303453067428934631e+00 2.000000000000000111e-01 1.698989898989899158e-03
1.500000000000000000e+04 6.631313131313130160e-01 7.631313131313131048e-01 2.486263491335771823e-03 1.308866422952057018e+00 2.000000000000000111e-01 1.713131313131313095e-03
1.500000000000000000e+04 6.772727272727272485e-01 7.772727272727273373e-01 2.516218289505729473e-03 1.314257481345541878e+00 2.000000000000000111e-01 1.727272727272727250e-03
1.500000000000000000e+04 6.914141414141413700e-01 7.914141414141414588e-01 2.542293150713395046e-03 1.319626515880209849e+00 2.000000000000000111e-01 1.741414141414141621e-03
1.500000000000000000e+04 7.055555555555554914e-01 8.055555555555555802e-01 2.564522095041506418e-03 1.324973794290119411e+00 2.000000000000000111e-01 1.755555555555555558e-03
1.500000000000000000e+04 7.196969696969696129e-01 8.196969696969697017e-01 2.582953575634596658e-03 1.330299578928359150e+00 2.000000000000000111e-01 1.769696969696969496e-03
1.500000000000000000e+04 7.338383838383837343e-01 8.338383838383838231e-01 2.597649281772089654e-03 1.335604126917247836e+00 2.000000000000000111e-01 1.783838383838383867e-03
1.500000000000000000e+04 7.479797979797979668e-01 8.479797979797980556e-01 2.608682951653631954e-03 1.340887690293186996e+00 2.000000000000000111e-01 1.797979797979798022e-03
1.500000000000000000e+04 7.621212121212119772e-01 8.621212121212120660e-01 2.616139203288380451e-03 1.346150516146397358e+00 2.000000000000000111e-01 1.812121212121211959e-03
1.500000000000000000e+04 7.762626262626262097e-01 8.762626262626262985e-01 2.620112390751674902e-03 1.351392846755756105e+00 2.000000000000000111e-01 1.826262626262626330e-03
1.500000000000000000e+04 7.904040404040403311e-01 8.904040404040404200e-01 2.620705492017808523e-03 1.356614919718945433e+00 2.000000000000000111e-01 1.840404040404040485e-03
1.500000000000000000e+04 8.045454545454544526e-01 9.045454545454545414e-01 2.618029033597857585e-03 1.361816968078109369e+00 2.000000000000000111e-01 1.854545454545454639e-03
1.500000000000000000e+04 8.186868686868686851e-01 9.186868686868687739e-01 2.612200056306547818e-03 1.366999220441207363e+00 2.000000000000000111e-01 1.868686868686868794e-03
1.500000000000000000e+04 8.328282828282826955e-01 9.328282828282827843e-01 2.603341125651065843e-03 1.372161901099240744e+00 2.000000000000000111e-01 1.882828282828282731e-03
1.500000000000000000e+04 8.469696969696969280e-01 9.469696969696970168e-01 2.591579389575805747e-03 1.377305230139527659e+00 2.000000000000000111e-01 1.896969696969697102e-03
1.500000000000000000e+04 8.611111111111110494e-01 9.611111111111111382e-01 2.577045685608371321e-03 1.382429423555181280e+00 2.000000000000000111e-01 1.911111111111111040e-03
1.500000000000000000e+04 8.752525252525251709e-01 9.752525252525252597e-01 2.559873698830589586e-03 1.387534693350953807e+00 2.000000000000000111e-01 1.925252525252525194e-03
1.500000000000000000e+04 8.893939393939392923e-01 9.893939393939393812e-01 2.540199171541193505e-03 1.392621247645582816e+00 2.000000000000000111e-01 1.939393939393939566e-03
1.500000000000000000e+04 9.035353535353534138e-01 1.003535353535353503e+00 2.518159164980670033e-03 1.397689290770789849e+00 2.000000000000000111e-01 1.953535353535353503e-03
1.500000000000000000e+04 9.176767676767676463e-01 1.017676767676767735e+00 2.493891373050265408e-03 1.402739023367058024e+00 2.000000000000000111e-01 1.967676767676767875e-03
1.500000000000000000e+04 9.318181818181816567e-01 1.031818181818181746e+00 2.467533487572468130e-03 1.407770642476316780e+00 2.000000000000000111e-01 1.981818181818181812e-03
1.500000000000000000e+04 9.459595959595958892e-01 1.045959595959595978e+00 2.439222614306247802e-03 1.412784341631657448e+00 2.000000000000000111e-01 1.995959595959596183e-03
1.500000000000000000e+04 9.601010101010098996e-01 1.060101010101009988e+00 2.409094738642856160e-03 1.417780310944191990e+00 2.000000000000000111e-01 2.010101010101010121e-03
1.500000000000000000e+04 9.742424242424241321e-01 1.074242424242424221e+00 2.377284239663914056e-03 1.422758737187167721e+00 2.000000000000000111e-01 2.024242424242424492e-03
1.500000000000000000e+04 9.883838383838383645e-01 1.088383838383838453e+00 2.343923451039125680e-03 1.427719803877441018e+00 2.000000000000000111e-01 2.038383838383838430e-03
1.500000000000000000e+04 1.002525252525252375e+00 1.102525252525252464e+00 2.309142267072984527e-03 1.432663691354412849e+00 2.000000000000000111e-01 2.052525252525252367e-03
1.500000000000000000e+04 1.016666666666666607e+00 1.116666666666666696e+00 2.273067792074928792e-03 1.437590576856521585e+00 2.000000000000000111e-01 2.066666666666666305e-03
1.500000000000000000e+04 1.030808080808080840e+00 1.130808080808080929e+00 2.235824031122639159e-03 1.442500634595382358e+00 2.000000000000000111e-01 2.080808080808081110e-03
1.500000000000000000e+04 1.044949494949494850e+00 1.144949494949494939e+00 2.197531620210335310e-03 1.447394035827664682e+00 2.000000000000000111e-01 2.094949494949495047e-03
1.500000000000000000e+04 1.059090909090908861e+00 1.159090909090908950e+00 2.158307593720420418e-03 1.452270948924789584e+00 2.000000000000000111e-01 2.109090909090908985e-03
1.500000000000000000e+04 1.073232323232323093e+00 1.173232323232323182e+00 2.118265187124916075e-03 1.457131539440528201e+00 2.000000000000000111e-01 2.123232323232323356e-03
1.500000000000000000e+04 1.087373737373737326e+00 1.187373737373737415e+00 2.077513672810370367e-03 1.461975970176574879e+00 2.000000000000000111e-01 2.137373737373737294e-03
1.500000000000000000e+04 1.101515151515151336e+00 1.201515151515151425e+00 2.036158226923965014e-03 1.466804401246175393e+00 2.000000000000000111e-01 2.151515151515151231e-03
1.500000000000000000e+04 1.115656565656565569e+00 1.215656565656565657e+00 1.994299825157360134e-03 1.471616990135872660e+00 2.000000000000000111e-01 2.165656565656565603e-03
1.500000000000000000e+04 1.129797979797979801e+00 1.229797979797979890e+00 1.952035165416263988e-03 1.476413891765442576e+00 2.000000000000000111e-01 2.179797979797979974e-03
1.500000000000000000e+04 1.143939393939393812e+00 1.243939393939393900e+00 1.909456615366057937e-03 1.481195258546081694e+00 2.000000000000000111e-01 2.193939393939393911e-03
1.500000000000000000e+04 1.158080808080807822e+00 1.258080808080807911e+00 1.866652182895454318e-03 1.485961240436912467e+00 2.000000000000000111e-01 2.208080808080807849e-03
1.500000000000000000e+04 1.172222222222222276e+00 1.272222222222222365e+00 1.823705507599357196e-03 1.490711984999859796e+00 2.000000000000000111e-01 2.222222222222222220e-03
1.500000000000000000e+04 1.186363636363636287e+00 1.286363636363636376e+00 1.780695871447702302e-03 1.495447637452958833e+00 2.000000000000000111e-01 2.236363636363636592e-03
1.500000000000000000e+04 1.200505050505050297e+00 1.300505050505050386e+00 1.737698226877580935e-03 1.500168340722150440e+00 2.000000000000000111e-01 2.250505050505050529e-03
1.500000000000000000e+04 1.214646464646464530e+00 1.314646464646464619e+00 1.694783240620530065e-03 1.504874235491612255e+00 2.000000000000000111e-01 2.264646464646464467e-03
1.500000000000000000e+04 1.228787878787878762e+00 1.328787878787878851e+00 1.652017351654138299e-03 1.509565460252677793e+00 2.000000000000000111e-01 2.278787878787878838e-03
1.500000000000000000e+04 1.242929292929292773e+00 1.342929292929292862e+00 1.609462841746526519e-03 1.514242151351392174e+00 2.000000000000000111e-01 2.292929292929292776e-03
1.500000000000000000e+04 1.257070707070707005e+00 1.357070707070707094e+00 1.567177917142711062e-03 1.518904443034751139e+00 2.000000000000000111e-01 2.307070707070707147e-03
1.500000000000000000e+04 1.271212121212121238e+00 1.371212121212121327e+00 1.525216800022857451e-03 1.523552467495662421e+00 2.000000000000000111e-01 2.321212121212121518e-03
1.500000000000000000e+04 1.285353535353535248e+00 1.385353535353535337e+00 1.483629828443161491e-03 1.528186354916682088e+00 2.000000000000000111e-01 2.335353535353535456e-03
1.500000000000000000e+04 1.299494949494949259e+00 1.399494949494949347e+00 1.442463563550198426e-03 1.532806233512556293e+00 2.000000000000000111e-01 2.349494949494949393e-03
1.500000000000000000e+04 1.313636363636363491e+00 1.413636363636363580e+00 1.401760902938422107e-03 1.537412229571614608e+00 2.000000000000000111e-01 2.363636363636363331e-03
1.500000000000000000e+04 1.327777777777777724e+00 1.427777777777777812e+00 1.361561199097830301e-03 1.542004467496050246e+00 2.000000000000000111e-01 2.377777777777777702e-03
1.500000000000000000e+04 1.341919191919191734e+00 1.441919191919191823e+00 1.321900381974148476e-03 1.546583069841122926e+00 2.000000000000000111e-01 2.391919191919191640e-03
1.500000000000000000e+04 1.356060606060605966e+00 1.456060606060606055e+00 1.282811084737071330e-03 1.551148157353322121e+00 2.000000000000000111e-01 2.406060606060606444e-03
1.500000000000000000e+04 1.370202020202020199e+00 1.470202020202020288e+00 1.244322771922842666e-03 1.555699849007520008e+00 2.000000000000000111e-01 2.420202020202020382e-03
1.500000000000000000e+04 1.384343434343434209e+00 1.484343434343434298e+00 1.206461869185542586e-03 1.560238262043151636e+00 2.000000000000000111e-01 2.434343434343434320e-03
1.500000000000000000e+04 1.398484848484848220e+00 1.498484848484848309e+00 1.169251893956858466e-03 1.564763511999448520e+00 2.000000000000000111e-01 2.448484848484848257e-03
1.500000000000000000e+04 1.412626262626262452e+00 1.512626262626262541e+00 1.132713586376572117e-03 1.569275712749758522e+00 2.000000000000000111e-01 2.462626262626262195e-03
1.500000000000000000e+04 1.426767676767676685e+00 1.526767676767676774e+00 1.096865039915587148e-03 1.573774976534979997e+00 2.000000000000000111e-01 2.476767676767676566e-03
1.500000000000000000e+04 1.440909090909090695e+00 1.540909090909090784e+00 1.061721831169870839e-03 1.578261413996138618e+00 2.000000000000000111e-01 2.490909090909090937e-03
1.500000000000000000e+04 1.455050505050504928e+00 1.555050505050505016e+00 1.027297148357331560e-03 1.582735134206132876e+00 2.000000000000000111e-01 2.505050505050505309e-03
1.500000000000000000e+04 1.469191919191919160e+00 1.569191919191919249e+00 9.936019181001980692e-04 1.587196244700673109e+00 2.000000000000000111e-01 2.519191919191919246e-03
1.500000000000000000e+04 1.483333333333333171e+00 1.583333333333333259e+00 9.606449301231562024e-04 1.591644851508442926e+00 2.000000000000000111e-01 2.533333333333333184e-03
1.500000000000000000e+04 1.497474747474747403e+00 1.597474747474747492e+00 9.284329595421734506e-04 1.596081059180500139e+00 2.000000000000000111e-01 2.547474747474747121e-03
1.500000000000000000e+04 1.511616161616161635e+00 1.611616161616161724e+00 8.969708864608747292e-04 1.600504970818948047e+00 2.000000000000000111e-01 2.561616161616161926e-03
1.500000000000000000e+04 1.525757575757575646e+00 1.625757575757575735e+00 8.662618126302953090e-04 1.604916688104892186e+00 2.000000000000000111e-01 2.575757575757575864e-03
1.500000000000000000e+04 1.539898989898989656e+00 1.639898989898989745e+00 8.363071749642882842e-04 1.609316311325710069e+00 2.000000000000000111e-01 2.589898989898989801e-03
1.500000000000000000e+04 1.554040404040404111e+00 1.654040404040404200e+00 8.071068557365335345e-04 1.613703939401649912e+00 2.000000000000000111e-01 2.604040404040404173e-03
1.500000000000000000e+04 1.568181818181818121e+00 1.668181818181818210e+00 7.786592893162796059e-04 1.618079669911780982e+00 2.000000000000000111e-01 2.618181818181818110e-03
1.500000000000000000e+04 1.582323232323232132e+00 1.682323232323232221e+00 7.509615653287279174e-04 1.622443599119313573e+00 2.000000000000000111e-01 2.632323232323232048e-03
1.500000000000000000e+04 1.596464646464646142e+00 1.696464646464646231e+00 7.240095281523992697e-04 1.626795821996308788e+00 2.000000000000000111e-01 2.646464646464646419e-03
1.500000000000000000e+04 1.610606060606060597e+00 1.710606060606060685e+00 6.977978726899632632e-04 1.631136432247793477e+00 2.000000000000000111e-01 2.660606060606060790e-03
1.500000000000000000e+04 1.624747474747474607e+00 1.724747474747474696e+00 6.723202363711704805e-04 1.635465522335299626e+00 2.000000000000000111e-01 2.674747474747474728e-03
1.500000000000000000e+04 1.638888888888888618e+00 1.738888888888888706e+00 6.475692873665003530e-04 1.639783183499845753e+00 2.000000000000000111e-01 2.688888888888888665e-03
1.500000000000000000e+04 1.653030303030303072e+00 1.753030303030303161e+00 6.235368090083626353e-04 1.644089505784372740e+00 2.000000000000000111e-01 2.703030303030303037e-03
1.500000000000000000e+04 1.667171717171717082e+00 1.767171717171717171e+00 6.002137804330318332e-04 1.648384578055654304e+00 2.000000000000000111e-01 2.717171717171716974e-03
1.500000000000000000e+04 1.681313131313131093e+00 1.781313131313131182e+00 5.775904534711191664e-04 1.652668488025693216e+00 2.000000000000000111e-01 2.731313131313131345e-03
1.500000000000000000e+04 1.695454545454545103e+00 1.795454545454545192e+00 5.556564258275189377e-04 1.656941322272622141e+00 2.000000000000000111e-01 2.745454545454545283e-03
1.500000000000000000e+04 1.709595959595959558e+00 1.809595959595959647e+00 5.344007106033177041e-04 1.661203166261116859e+00 2.000000000000000111e-01 2.759595959595959654e-03
1.500000000000000000e+04 1.723737373737373568e+00 1.823737373737373657e+00 5.138118022223286908e-04 1.665454104362342758e+00 2.000000000000000111e-01 2.773737373737373592e-03
1.500000000000000000e+04 1.737878787878787579e+00 1.837878787878787668e+00 4.938777388338522678e-04 1.669694219873443686e+00 2.000000000000000111e-01 2.787878787878787529e-03
1.500000000000000000e+04 1.752020202020202033e+00 1.852020202020202122e+00 4.745861612708945194e-04 1.673923595036584056e+00 2.000000000000000111e-01 2.802020202020202334e-03
1.500000000000000000e+04 1.766161616161616044e+00 1.866161616161616132e+00 4.559243686496990047e-04 1.678142311057562175e+00 2.000000000000000111e-01 2.816161616161616272e-03
1.500000000000000000e+04 1.780303030303030054e+00 1.880303030303030143e+00 4.378793707019230561e-04 1.682350448124001918e+00 2.000000000000000111e-01 2.830303030303030210e-03
1.500000000000000000e+04 1.794444444444444509e+00 1.894444444444444597e+00 4.204379369354177727e-04 1.686548085423135612e+00 2.000000000000000111e-01 2.844444444444444581e-03
1.500000000000000000e+04 1.808585858585858519e+00 1.908585858585858608e+00 4.035866427232559050e-04 1.690735301159190573e+00 2.000000000000000111e-01 2.858585858585858518e-03
1.500000000000000000e+04 1.822727272727272529e+00 1.922727272727272618e+00 3.873119124235397098e-04 1.694912172570387954e+00 2.000000000000000111e-01 2.872727272727272456e-03
1.500000000000000000e+04 1.836868686868686540e+00 1.936868686868686629e+00 3.716000596347135421e-04 1.699078775945566999e+00 2.000000000000000111e-01 2.886868686868686827e-03
1.500000000000000000e+04 1.851010101010100994e+00 1.951010101010101083e+00 3.564373246925977624e-04 1.703235186640441823e+00 2.000000000000000111e-01 2.901010101010101198e-03
1.500000000000000000e+04 1.865151515151515005e+00 1.965151515151515094e+00 3.418099095162425321e-04 1.707381479093502019e+00 2.000000000000000111e-01 2.915151515151515136e-03
1.500000000000000000e+04 1.879292929292929015e+00 1.979292929292929104e+00 3.277040099100627930e-04 1.711517726841568221e+00 2.000000000000000111e-01 2.929292929292929074e-03
1.500000000000000000e+04 1.893434343434343470e+00 1.993434343434343559e+00 3.141058454295759714e-04 1.715644002535008372e+00 2.000000000000000111e-01 2.943434343434343445e-03
1.500000000000000000e+04 1.907575757575757480e+00 2.007575757575757347e+00 3.010016869174576620e-04 1.719760377952625596e+00 2.000000000000000111e-01 2.957575757575757382e-03
1.500000000000000000e+04 1.921717171717171491e+00 2.021717171717171357e+00 2.883778818156715698e-04 1.723866924016227875e+00 2.000000000000000111e-01 2.971717171717171754e-03
1.500000000000000000e+04 1.935858585858585501e+00 2.035858585858585368e+00 2.762208773581079123e-04 1.727963710804884201e+00 2.000000000000000111e-01 2.985858585858585691e-03
1.500000000000000000e+04 1.949999999999999956e+00 2.049999999999999822e+00 2.645172417465115099e-04 1.732050807568877193e+00 2.000000000000000111e-01 3.000000000000000062e-03
