1.500000000000000000e+04 6.499999999999999112e-01 7.500000000000000000e-01 1.750000000000000036e-03 1.303840481040529742e+00 2.000000000000000111e-01 1.699999999999999905e-03
1.500000000000000000e+04 7.500000000000000000e-01 8.500000000000000888e-01 2.680000000000000090e-03 1.341640786499873839e+00 2.000000000000000111e-01 1.800000000000000168e-03
1.500000000000000000e+04 8.499999999999999778e-01 9.500000000000000666e-01 2.560000000000000209e-03 1.378404875209022107e+00 2.000000000000000111e-01 1.899999999999999996e-03
1.500000000000000000e+04 9.499999999999999556e-01 1.050000000000000044e+00 2.350000000000000092e-03 1.414213562373095145e+00 2.000000000000000111e-01 2.000000000000000042e-03
1.500000000000000000e+04 1.050000000000000044e+00 1.150000000000000133e+00 2.120000000000000356e-03 1.449137674618943938e+00 2.000000000000000111e-01 2.100000000000000304e-03
1.500000000000000000e+04 1.149999999999999911e+00 1.250000000000000000e+00 1.879999999999999944e-03 1.483239697419132641e+00 2.000000000000000111e-01 2.200000000000000133e-03
1.500000000000000000e+04 1.250000000000000000e+00 1.350000000000000089e+00 1.680000000000000070e-03 1.516575088810310001e+00 2.000000000000000111e-01 2.299999999999999961e-03
1.500000000000000000e+04 1.349999999999999867e+00 1.449999999999999956e+00 1.399999999999999986e-03 1.549193338482966809e+00 2.000000000000000111e-01 2.399999999999999790e-03
1.500000000000000000e+04 1.449999999999999956e+00 1.550000000000000044e+00 1.120000000000000119e-03 1.581138830084189761e+00 2.000000000000000111e-01 2.500000000000000052e-03
1.500000000000000000e+04 1.550000000000000044e+00 1.650000000000000133e+00 8.100000000000000646e-04 1.612451549659710048e+00 2.000000000000000111e-01 2.600000000000000314e-03
1.500000000000000000e+04 1.649999999999999911e+00 1.750000000000000000e+00 5.300000000000000891e-04 1.643167672515498445e+00 2.000000000000000111e-01 2.700000000000000143e-03
1.500000000000000000e+04 1.750000000000000000e+00 1.850000000000000089e+00 4.899999999999999842e-04 1.673320053068151125e+00 2.000000000000000111e-01 2.799999999999999972e-03
1.500000000000000000e+04 1.849999999999999867e+00 1.949999999999999956e+00 2.900000000000000017e-04 1.702938636592639998e+00 2.000000000000000111e-01 2.899999999999999800e-03
1.500000000000000000e+04 1.949999999999999956e+00 2.049999999999999822e+00 1.600000000000000131e-04 1.732050807568877193e+00 2.000000000000000111e-01 3.000000000000000062e-03
