5.000000000000000000e+03 1.000000000000000021e-02 2.999999999999999889e-02 4.117202123432322878e+03 6.320515075561794482e-01 5.000000000000000000e-01 0.000000000000000000e+00
5.000000000000000000e+03 2.999999999999999889e-02 5.000000000000000278e-02 6.866591946318470946e+03 6.450508581373998185e-01 5.000000000000000000e-01 0.000000000000000000e+00
5.000000000000000000e+03 5.000000000000000278e-02 7.000000000000000666e-02 8.312410422173199549e+03 6.583175652766115604e-01 5.000000000000000000e-01 0.000000000000000000e+00
5.000000000000000000e+03 7.000000000000000666e-02 8.999999999999999667e-02 8.825522982645170487e+03 6.718571276738192211e-01 5.000000000000000000e-01 0.000000000000000000e+00
5.000000000000000000e+03 0.000000000000000000e+00 2.000000000000000111e-01 8.720397951707138418e+03 6.856751571203314466e-01 5.000000000000000000e-01 0.000000000000000000e+00
5.000000000000000000e+03 1.000000000000000056e-01 2.999999999999999889e-01 5.129983766521749203e+03 7.591469363018356065e-01 5.000000000000000000e-01 0.000000000000000000e+00
5.000000000000000000e+03 2.000000000000000111e-01 4.000000000000000222e-01 2.190495493776978037e+03 8.404913972919769716e-01 5.000000000000000000e-01 0.000000000000000000e+00
5.000000000000000000e+03 2.999999999999999889e-01 5.000000000000000000e-01 8.203448783248336440e+02 9.305521173057150763e-01 5.000000000000000000e-01 0.000000000000000000e+00
5.000000000000000000e+03 4.000000000000000222e-01 5.999999999999999778e-01 2.859123794490486148e+02 1.030263064930974082e+00 5.000000000000000000e-01 0.000000000000000000e+00
5.000000000000000000e+03 5.000000000000000000e-01 6.999999999999999556e-01 9.521900476089679444e+01 1.140658285786531723e+00 5.000000000000000000e-01 0.000000000000000000e+00
5.000000000000000000e+03 5.999999999999999778e-01 8.000000000000000444e-01 3.073179420641287152e+01 1.262882626021967214e+00 5.000000000000000000e-01 0.000000000000000000e+00
5.000000000000000000e+03 6.999999999999999556e-01 9.000000000000000222e-01 9.693453657442384852e+00 1.398203604866999017e+00 5.000000000000000000e-01 0.000000000000000000e+00
5.000000000000000000e+03 8.000000000000000444e-01 1.000000000000000000e+00 3.004357420887458385e+00 1.548024559353677443e+00 5.000000000000000000e-01 0.000000000000000000e+00
5.000000000000000000e+03 9.000000000000000222e-01 1.100000000000000089e+00 9.183660508514042142e-01 1.713899197527886109e+00 5.000000000000000000e-01 0.000000000000000000e+00
5.000000000000000000e+03 1.000000000000000000e+00 1.199999999999999956e+00 2.775994770501638009e-01 1.897547711073240384e+00 5.000000000000000000e-01 0.000000000000000000e+00
5.000000000000000000e+03 1.100000000000000089e+00 1.300000000000000044e+00 8.313947780985773972e-02 2.100874614442257649e+00 5.000000000000000000e-01 0.000000000000000000e+00
5.000000000000000000e+03 1.199999999999999956e+00 1.399999999999999911e+00 2.470729266687817297e-02 2.325988495494303976e+00 5.000000000000000000e-01 0.000000000000000000e+00
5.000000000000000000e+03 1.300000000000000044e+00 1.500000000000000000e+00 7.294110940005382911e-03 2.575223882462954972e+00 5.000000000000000000e-01 0.000000000000000000e+00
5.000000000000000000e+03 1.399999999999999911e+00 1.600000000000000089e+00 2.141141496764234400e-03 2.851165454022692725e+00 5.000000000000000000e-01 0.000000000000000000e+00
5.000000000000000000e+03 1.500000000000000000e+00 1.699999999999999956e+00 6.254085008757790439e-04 3.156674843523771035e+00 5.000000000000000000e-01 0.000000000000000000e+00
5.000000000000000000e+03 1.600000000000000089e+00 1.800000000000000044e+00 1.818817056538647161e-04 3.494920315366768282e+00 5.000000000000000000e-01 0.000000000000000000e+00
5.000000000000000000e+03 1.699999999999999956e+00 1.899999999999999911e+00 5.269114470790485977e-05 3.869409621273642408e+00 5.000000000000000000e-01 0.000000000000000000e+00
5.000000000000000000e+03 1.800000000000000044e+00 2.000000000000000000e+00 1.521216485130339565e-05 4.284026377189028345e+00 5.000000000000000000e-01 0.000000000000000000e+00
5.000000000000000000e+03 1.899999999999999911e+00 2.100000000000000089e+00 4.378271104282027532e-06 4.743070338055958679e+00 5.000000000000000000e-01 0.000000000000000000e+00
