1.500000000000000000e+04 6.499999999999999112e-01 7.500000000000000000e-01 1.759703439101138961e-03 1.303840481040529742e+00 1.600399999999999878e-01 4.349999999999999700e-03 1.699999999999999905e-03
1.500000000000000000e+04 7.500000000000000000e-01 8.500000000000000888e-01 1.868569570099476570e-03 1.341640786499873839e+00 1.631138461538461371e-01 4.272307692307692438e-03 1.800000000000000168e-03
1.500000000000000000e+04 8.499999999999999778e-01 9.500000000000000666e-01 1.851768458844037582e-03 1.378404875209022107e+00 1.661876923076922863e-01 4.194615384615384308e-03 1.899999999999999996e-03
1.500000000000000000e+04 9.499999999999999556e-01 1.050000000000000044e+00 1.737823609789225076e-03 1.414213562373095145e+00 1.692615384615384633e-01 4.116923076923077046e-03 2.000000000000000042e-03
1.500000000000000000e+04 1.050000000000000044e+00 1.150000000000000133e+00 1.560572945165633564e-03 1.449137674618943938e+00 1.723353846153846125e-01 4.039230769230768917e-03 2.100000000000000304e-03
1.500000000000000000e+04 1.149999999999999911e+00 1.250000000000000000e+00 1.351318048446280414e-03 1.483239697419132641e+00 1.754092307692307617e-01 3.961538461538461654e-03 2.200000000000000133e-03
1.500000000000000000e+04 1.250000000000000000e+00 1.350000000000000089e+00 1.134904747785764030e-03 1.516575088810310001e+00 1.784830769230769110e-01 3.883846153846153525e-03 2.299999999999999961e-03
1.500000000000000000e+04 1.349999999999999867e+00 1.449999999999999956e+00 9.286641553225312559e-04 1.549193338482966809e+00 1.815569230769230880e-01 3.806153846153846262e-03 2.399999999999999790e-03
1.500000000000000000e+04 1.449999999999999956e+00 1.550000000000000044e+00 7.430471333255489952e-04 1.581138830084189761e+00 1.846307692307692372e-01 3.728461538461538133e-03 2.500000000000000052e-03
1.500000000000000000e+04 1.550000000000000044e+00 1.650000000000000133e+00 5.830299121849494195e-04 1.612451549659710048e+00 1.877046153846153864e-01 3.650769230769230871e-03 2.600000000000000314e-03
1.500000000000000000e+04 1.649999999999999911e+00 1.750000000000000000e+00 4.496880847343983799e-04 1.643167672515498445e+00 1.907784615384615357e-01 3.573076923076922741e-03 2.700000000000000143e-03
1.500000000000000000e+04 1.750000000000000000e+00 1.850000000000000089e+00 3.416100285680261496e-04 1.673320053068151125e+00 1.938523076923077126e-01 3.495384615384615479e-03 2.799999999999999972e-03
1.500000000000000000e+04 1.849999999999999867e+00 1.949999999999999956e+00 2.560134244811522984e-04 1.702938636592639998e+00 1.969261538461538619e-01 3.417692307692307783e-03 2.899999999999999800e-03
1.500000000000000000e+04 1.949999999999999956e+00 2.049999999999999822e+00 1.895448490960650650e-04 1.732050807568877193e+00 2.000000000000000111e-01 3.340000000000000087e-03 3.000000000000000062e-03
