3.000000000000000000e+04 1.000000000000000021e-02 2.999999999999999889e-02 2.700548948241486414e+03 8.736191526042338396e-01 5.000000000000000000e-01 0.000000000000000000e+00
3.000000000000000000e+04 2.999999999999999889e-02 5.000000000000000278e-02 8.216463088897429770e+03 8.777145776111865416e-01 5.000000000000000000e-01 0.000000000000000000e+00
3.000000000000000000e+04 5.000000000000000278e-02 7.000000000000000666e-02 1.563596037267950305e+04 8.818292014943742707e-01 5.000000000000000000e-01 0.000000000000000000e+00
3.000000000000000000e+04 7.000000000000000666e-02 8.999999999999999667e-02 2.455427013493836421e+04 8.859631142558969108e-01 5.000000000000000000e-01 0.000000000000000000e+00
3.000000000000000000e+04 0.000000000000000000e+00 2.000000000000000111e-01 3.470648119298151141e+04 8.901164063197728460e-01 5.000000000000000000e-01 0.000000000000000000e+00
3.000000000000000000e+04 1.000000000000000056e-01 2.999999999999999889e-01 9.828347460726019926e+04 9.111767507994663617e-01 5.000000000000000000e-01 0.000000000000000000e+00
3.000000000000000000e+04 2.000000000000000111e-01 4.000000000000000222e-01 1.740833424989213236e+05 9.327353875322339505e-01 5.000000000000000000e-01 0.000000000000000000e+00
3.000000000000000000e+04 2.999999999999999889e-01 5.000000000000000000e-01 2.544466560820040468e+05 9.548041062193179940e-01 5.000000000000000000e-01 0.000000000000000000e+00
3.000000000000000000e+04 4.000000000000000222e-01 5.999999999999999778e-01 3.347475173856815672e+05 9.773949755088128244e-01 5.000000000000000000e-01 0.000000000000000000e+00
3.000000000000000000e+04 5.000000000000000000e-01 6.999999999999999556e-01 4.120214168521566316e+05 1.000520349595606540e+00 5.000000000000000000e-01 0.000000000000000000e+00
3.000000000000000000e+04 5.999999999999999778e-01 8.000000000000000444e-01 4.843575174036238459e+05 1.024192874977480017e+00 5.000000000000000000e-01 0.000000000000000000e+00
3.000000000000000000e+04 6.999999999999999556e-01 9.000000000000000222e-01 5.505612616666628746e+05 1.048425497371055393e+00 5.000000000000000000e-01 0.000000000000000000e+00
3.000000000000000000e+04 8.000000000000000444e-01 1.000000000000000000e+00 6.099428756591685815e+05 1.073231468791377985e+00 5.000000000000000000e-01 0.000000000000000000e+00
3.000000000000000000e+04 9.000000000000000222e-01 1.100000000000000089e+00 6.621747188672384946e+05 1.098624354799002001e+00 5.000000000000000000e-01 0.000000000000000000e+00
3.000000000000000000e+04 1.000000000000000000e+00 1.199999999999999956e+00 7.071904673583193216e+05 1.124618041918544753e+00 5.000000000000000000e-01 0.000000000000000000e+00
3.000000000000000000e+04 1.100000000000000089e+00 1.300000000000000044e+00 7.451116445051002083e+05 1.151226745232765136e+00 5.000000000000000000e-01 0.000000000000000000e+00
3.000000000000000000e+04 1.199999999999999956e+00 1.399999999999999911e+00 7.761929908150787232e+05 1.178465016156319489e+00 5.000000000000000000e-01 0.000000000000000000e+00
3.000000000000000000e+04 1.300000000000000044e+00 1.500000000000000000e+00 8.007813171331514604e+05 1.206347750393444995e+00 5.000000000000000000e-01 0.000000000000000000e+00
3.000000000000000000e+04 1.399999999999999911e+00 1.600000000000000089e+00 8.192842842287305975e+05 1.234890196083927361e+00 5.000000000000000000e-01 0.000000000000000000e+00
3.000000000000000000e+04 1.500000000000000000e+00 1.699999999999999956e+00 8.321466447482198710e+05 1.264107962141798325e+00 5.000000000000000000e-01 0.000000000000000000e+00
3.000000000000000000e+04 1.600000000000000089e+00 1.800000000000000044e+00 8.398321827580062672e+05 1.294017026791332903e+00 5.000000000000000000e-01 0.000000000000000000e+00
3.000000000000000000e+04 1.699999999999999956e+00 1.899999999999999911e+00 8.428100529437991790e+05 1.324633746305009518e+00 5.000000000000000000e-01 0.000000000000000000e+00
3.000000000000000000e+04 1.800000000000000044e+00 2.000000000000000000e+00 8.415445444824910956e+05 1.355974863948209652e+00 5.000000000000000000e-01 0.000000000000000000e+00
3.000000000000000000e+04 1.899999999999999911e+00 2.100000000000000089e+00 8.364875247488131281e+05 1.388057519135553530e+00 5.000000000000000000e-01 0.000000000000000000e+00
