3.000000000000000000e+04 1.000000000000000021e-02 2.999999999999999889e-02 6.526642631838644775e+02 6.089374042635095075e-01 5.000000000000000000e-01 0.000000000000000000e+00
3.000000000000000000e+04 2.999999999999999889e-02 5.000000000000000278e-02 3.026714351905960484e+03 6.176892745425941467e-01 5.000000000000000000e-01 0.000000000000000000e+00
3.000000000000000000e+04 5.000000000000000278e-02 7.000000000000000666e-02 7.074003424207465287e+03 6.265669298906293427e-01 5.000000000000000000e-01 0.000000000000000000e+00
3.000000000000000000e+04 7.000000000000000666e-02 8.999999999999999667e-02 1.248879277388235096e+04 6.355721781364639389e-01 5.000000000000000000e-01 0.000000000000000000e+00
3.000000000000000000e+04 0.000000000000000000e+00 2.000000000000000111e-01 1.890666328358954343e+04 6.447068530917218210e-01 5.000000000000000000e-01 0.000000000000000000e+00
3.000000000000000000e+04 1.000000000000000056e-01 2.999999999999999889e-01 5.494980748929062247e+04 6.923876782167385224e-01 5.000000000000000000e-01 0.000000000000000000e+00
3.000000000000000000e+04 2.000000000000000111e-01 4.000000000000000222e-01 8.048773159872251563e+04 7.435948519042063776e-01 5.000000000000000000e-01 0.000000000000000000e+00
3.000000000000000000e+04 2.999999999999999889e-01 5.000000000000000000e-01 8.905423234886255523e+04 7.985891736296231169e-01 5.000000000000000000e-01 0.000000000000000000e+00
3.000000000000000000e+04 4.000000000000000222e-01 5.999999999999999778e-01 8.449260061292207683e+04 8.576507309125398493e-01 5.000000000000000000e-01 0.000000000000000000e+00
3.000000000000000000e+04 5.000000000000000000e-01 6.999999999999999556e-01 7.273696576896123588e+04 9.210803258096266211e-01 5.000000000000000000e-01 0.000000000000000000e+00
3.000000000000000000e+04 5.999999999999999778e-01 8.000000000000000444e-01 5.855322283099825290e+04 9.892010069074186340e-01 5.000000000000000000e-01 0.000000000000000000e+00
3.000000000000000000e+04 6.999999999999999556e-01 9.000000000000000222e-01 4.487631219378960668e+04 1.062359714617219897e+00 5.000000000000000000e-01 0.000000000000000000e+00
3.000000000000000000e+04 8.000000000000000444e-01 1.000000000000000000e+00 3.312782323187471775e+04 1.140929048151696490e+00 5.000000000000000000e-01 0.000000000000000000e+00
3.000000000000000000e+04 9.000000000000000222e-01 1.100000000000000089e+00 2.374205886473135251e+04 1.225309163182416006e+00 5.000000000000000000e-01 0.000000000000000000e+00
3.000000000000000000e+04 1.000000000000000000e+00 1.199999999999999956e+00 1.661297676251238954e+04 1.315929809843154441e+00 5.000000000000000000e-01 0.000000000000000000e+00
3.000000000000000000e+04 1.100000000000000089e+00 1.300000000000000044e+00 1.139703767487332152e+04 1.413252521458570055e+00 5.000000000000000000e-01 0.000000000000000000e+00
3.000000000000000000e+04 1.199999999999999956e+00 1.399999999999999911e+00 7.690027450656715700e+03 1.517772965145506081e+00 5.000000000000000000e-01 0.000000000000000000e+00
3.000000000000000000e+04 1.300000000000000044e+00 1.500000000000000000e+00 5.115931385757831777e+03 1.630023466258583298e+00 5.000000000000000000e-01 0.000000000000000000e+00
3.000000000000000000e+04 1.399999999999999911e+00 1.600000000000000089e+00 3.362252338174687338e+03 1.750575719537162733e+00 5.000000000000000000e-01 0.000000000000000000e+00
3.000000000000000000e+04 1.500000000000000000e+00 1.699999999999999956e+00 2.186392713253423153e+03 1.880043700761610426e+00 5.000000000000000000e-01 0.000000000000000000e+00
3.000000000000000000e+04 1.600000000000000089e+00 1.800000000000000044e+00 1.408566555480920442e+03 2.019086793748013697e+00 5.000000000000000000e-01 0.000000000000000000e+00
3.000000000000000000e+04 1.699999999999999956e+00 1.899999999999999911e+00 8.999969017112226766e+02 2.168413148607209351e+00 5.000000000000000000e-01 0.000000000000000000e+00
3.000000000000000000e+04 1.800000000000000044e+00 2.000000000000000000e+00 5.708303100214508277e+02 2.328783288371828242e+00 5.000000000000000000e-01 0.000000000000000000e+00
3.000000000000000000e+04 1.899999999999999911e+00 2.100000000000000089e+00 3.596694867977328158e+02 2.501013982360001275e+00 5.000000000000000000e-01 0.000000000000000000e+00
