3.000000000000000000e+04 1.000000000000000021e-02 2.999999999999999889e-02 3.185390474031157282e+03 5.867246132607399911e-01 5.000000000000000000e-01 0.000000000000000000e+00
3.000000000000000000e+04 2.999999999999999889e-02 5.000000000000000278e-02 7.178313089036236306e+03 5.985689082597557276e-01 5.000000000000000000e-01 0.000000000000000000e+00
3.000000000000000000e+04 5.000000000000000278e-02 7.000000000000000666e-02 1.071192809112285067e+04 6.106523057624894113e-01 5.000000000000000000e-01 0.000000000000000000e+00
3.000000000000000000e+04 7.000000000000000666e-02 8.999999999999999667e-02 1.350270087961138597e+04 6.229796325659174849e-01 5.000000000000000000e-01 0.000000000000000000e+00
3.000000000000000000e+04 0.000000000000000000e+00 2.000000000000000111e-01 1.551720816923270468e+04 6.355558129062673922e-01 5.000000000000000000e-01 0.000000000000000000e+00
3.000000000000000000e+04 1.000000000000000056e-01 2.999999999999999889e-01 1.697568974181913291e+04 7.023489378865183097e-01 5.000000000000000000e-01 0.000000000000000000e+00
3.000000000000000000e+04 2.000000000000000111e-01 4.000000000000000222e-01 1.229778240385810386e+04 7.761616218953094615e-01 5.000000000000000000e-01 0.000000000000000000e+00
3.000000000000000000e+04 2.999999999999999889e-01 5.000000000000000000e-01 7.525475149551708455e+03 8.577315787163534155e-01 5.000000000000000000e-01 0.000000000000000000e+00
3.000000000000000000e+04 4.000000000000000222e-01 5.999999999999999778e-01 4.198372692120447027e+03 9.478740514517237647e-01 5.000000000000000000e-01 0.000000000000000000e+00
3.000000000000000000e+04 5.000000000000000000e-01 6.999999999999999556e-01 2.209153814712602980e+03 1.047489960390769248e+00 5.000000000000000000e-01 0.000000000000000000e+00
3.000000000000000000e+04 5.999999999999999778e-01 8.000000000000000444e-01 1.116454870569462628e+03 1.157574907171449841e+00 5.000000000000000000e-01 0.000000000000000000e+00
3.000000000000000000e+04 6.999999999999999556e-01 9.000000000000000222e-01 5.478046705313881830e+02 1.279229125225322283e+00 5.000000000000000000e-01 0.000000000000000000e+00
3.000000000000000000e+04 8.000000000000000444e-01 1.000000000000000000e+00 2.627910912247486976e+02 1.413668475954938275e+00 5.000000000000000000e-01 0.000000000000000000e+00
3.000000000000000000e+04 9.000000000000000222e-01 1.100000000000000089e+00 1.238412843030417321e+02 1.562236600543903231e+00 5.000000000000000000e-01 0.000000000000000000e+00
3.000000000000000000e+04 1.000000000000000000e+00 1.199999999999999956e+00 5.752627917054586959e+01 1.726418348849681594e+00 5.000000000000000000e-01 0.000000000000000000e+00
3.000000000000000000e+04 1.100000000000000089e+00 1.300000000000000044e+00 2.640602729186420561e+01 1.907854619592943335e+00 5.000000000000000000e-01 0.000000000000000000e+00
3.000000000000000000e+04 1.199999999999999956e+00 1.399999999999999911e+00 1.200061470748555692e+01 2.108358760162285073e+00 5.000000000000000000e-01 0.000000000000000000e+00
3.000000000000000000e+04 1.300000000000000044e+00 1.500000000000000000e+00 5.407679440158219109e+00 2.329934689940611481e+00 5.000000000000000000e-01 0.000000000000000000e+00
3.000000000000000000e+04 1.399999999999999911e+00 1.600000000000000089e+00 2.418997604762768372e+00 2.574796928285015163e+00 5.000000000000000000e-01 0.000000000000000000e+00
3.000000000000000000e+04 1.500000000000000000e+00 1.699999999999999956e+00 1.075197265771770105e+00 2.845392727327877402e+00 5.000000000000000000e-01 0.000000000000000000e+00
3.000000000000000000e+04 1.600000000000000089e+00 1.800000000000000044e+00 4.752316777737308207e-01 3.144426530803351660e+00 5.000000000000000000e-01 0.000000000000000000e+00
3.000000000000000000e+04 1.699999999999999956e+00 1.899999999999999911e+00 2.090093491526292535e-01 3.474887003350614734e+00 5.000000000000000000e-01 0.000000000000000000e+00
3.000000000000000000e+04 1.800000000000000044e+00 2.000000000000000000e+00 9.151715338659863197e-02 3.840076900435667628e+00 5.000000000000000000e-01 0.000000000000000000e+00
3.000000000000000000e+04 1.899999999999999911e+00 2.100000000000000089e+00 3.991289005650099087e-02 4.243646077423750995e+00 5.000000000000000000e-01 0.000000000000000000e+00
