5.000000000000000000e+03 1.000000000000000021e-02 2.999999999999999889e-02 1.201795992032255754e+03 6.381951625285454677e-01 5.000000000000000000e-01 0.000000000000000000e+00
5.000000000000000000e+03 2.999999999999999889e-02 5.000000000000000278e-02 1.743891962123422218e+03 6.518105404946877846e-01 5.000000000000000000e-01 0.000000000000000000e+00
5.000000000000000000e+03 5.000000000000000278e-02 7.000000000000000666e-02 1.874650574072025165e+03 6.657163915449982872e-01 5.000000000000000000e-01 0.000000000000000000e+00
5.000000000000000000e+03 7.000000000000000666e-02 8.999999999999999667e-02 1.782290248107505022e+03 6.799189126879505718e-01 5.000000000000000000e-01 0.000000000000000000e+00
5.000000000000000000e+03 0.000000000000000000e+00 2.000000000000000111e-01 1.584191725324562640e+03 6.944244331401850934e-01 5.000000000000000000e-01 0.000000000000000000e+00
5.000000000000000000e+03 1.000000000000000056e-01 2.999999999999999889e-01 5.656876353904757480e+02 7.717281626856514753e-01 5.000000000000000000e-01 0.000000000000000000e+00
5.000000000000000000e+03 2.000000000000000111e-01 4.000000000000000222e-01 1.496433977074204904e+02 8.576373881158401158e-01 5.000000000000000000e-01 0.000000000000000000e+00
5.000000000000000000e+03 2.999999999999999889e-01 5.000000000000000000e-01 3.501029604376258675e+01 9.531100782099733992e-01 5.000000000000000000e-01 0.000000000000000000e+00
5.000000000000000000e+03 4.000000000000000222e-01 5.999999999999999778e-01 7.657821057467026904e+00 1.059210843385855805e+00 5.000000000000000000e-01 0.000000000000000000e+00
5.000000000000000000e+03 5.000000000000000000e-01 6.999999999999999556e-01 1.605191342366633078e+00 1.177122807108762270e+00 5.000000000000000000e-01 0.000000000000000000e+00
5.000000000000000000e+03 5.999999999999999778e-01 8.000000000000000444e-01 3.267308335771496042e-01 1.308160798832429528e+00 5.000000000000000000e-01 0.000000000000000000e+00
5.000000000000000000e+03 6.999999999999999556e-01 9.000000000000000222e-01 6.509013655461029502e-02 1.453786015585868396e+00 5.000000000000000000e-01 0.000000000000000000e+00
5.000000000000000000e+03 8.000000000000000444e-01 1.000000000000000000e+00 1.275580834964060509e-02 1.615622315696500833e+00 5.000000000000000000e-01 0.000000000000000000e+00
5.000000000000000000e+03 9.000000000000000222e-01 1.100000000000000089e+00 2.467600017557950668e-03 1.795474326339982385e+00 5.000000000000000000e-01 0.000000000000000000e+00
5.000000000000000000e+03 1.000000000000000000e+00 1.199999999999999956e+00 4.723782102258701010e-04 1.995347566832940789e+00 5.000000000000000000e-01 0.000000000000000000e+00
5.000000000000000000e+03 1.100000000000000089e+00 1.300000000000000044e+00 8.964921907022351802e-05 2.217470812062302343e+00 5.000000000000000000e-01 0.000000000000000000e+00
5.000000000000000000e+03 1.199999999999999956e+00 1.399999999999999911e+00 1.689067987633485941e-05 2.464320945424509191e+00 5.000000000000000000e-01 0.000000000000000000e+00
5.000000000000000000e+03 1.300000000000000044e+00 1.500000000000000000e+00 3.162714386965180601e-06 2.738650578408299729e+00 5.000000000000000000e-01 0.000000000000000000e+00
5.000000000000000000e+03 1.399999999999999911e+00 1.600000000000000089e+00 5.890555389831463466e-07 3.043518744805423726e+00 5.000000000000000000e-01 0.000000000000000000e+00
5.000000000000000000e+03 1.500000000000000000e+00 1.699999999999999956e+00 1.092031553890977745e-07 3.382325011818641425e+00 5.000000000000000000e-01 0.000000000000000000e+00
5.000000000000000000e+03 1.600000000000000089e+00 1.800000000000000044e+00 2.016236944692425624e-08 3.758847388438000703e+00 5.000000000000000000e-01 0.000000000000000000e+00
5.000000000000000000e+03 1.699999999999999956e+00 1.899999999999999911e+00 3.709181982468501270e-09 4.177284453799487984e+00 5.000000000000000000e-01 0.000000000000000000e+00
5.000000000000000000e+03 1.800000000000000044e+00 2.000000000000000000e+00 6.801657315774902378e-10 4.642302175296921796e+00 5.000000000000000000e-01 0.000000000000000000e+00
5.000000000000000000e+03 1.899999999999999911e+00 2.100000000000000089e+00 1.243641116315865696e-10 5.159085938513153557e+00 5.000000000000000000e-01 0.000000000000000000e+00
