3.000000000000000000e+04 1.000000000000000021e-02 2.999999999999999889e-02 1.155714255539109672e+03 5.375383949240845061e-01 5.000000000000000000e-01 0.000000000000000000e+00
3.000000000000000000e+04 2.999999999999999889e-02 5.000000000000000278e-02 4.384011575677503970e+03 5.477239921933345634e-01 5.000000000000000000e-01 0.000000000000000000e+00
3.000000000000000000e+04 5.000000000000000278e-02 7.000000000000000666e-02 8.996252511055814466e+03 5.581025922186870769e-01 5.000000000000000000e-01 0.000000000000000000e+00
3.000000000000000000e+04 7.000000000000000666e-02 8.999999999999999667e-02 1.435506938730757975e+04 5.686778521311754986e-01 5.000000000000000000e-01 0.000000000000000000e+00
3.000000000000000000e+04 0.000000000000000000e+00 2.000000000000000111e-01 1.995667092227585817e+04 5.794534983593268018e-01 5.000000000000000000e-01 0.000000000000000000e+00
3.000000000000000000e+04 1.000000000000000056e-01 2.999999999999999889e-01 4.202994731846424838e+04 6.364729676145206572e-01 5.000000000000000000e-01 0.000000000000000000e+00
3.000000000000000000e+04 2.000000000000000111e-01 4.000000000000000222e-01 4.788487058626888756e+04 6.991032751567373138e-01 5.000000000000000000e-01 0.000000000000000000e+00
3.000000000000000000e+04 2.999999999999999889e-01 5.000000000000000000e-01 4.242203567476887110e+04 7.678965395288951390e-01 5.000000000000000000e-01 0.000000000000000000e+00
3.000000000000000000e+04 4.000000000000000222e-01 5.999999999999999778e-01 3.274340444254382237e+04 8.434592089248192925e-01 5.000000000000000000e-01 0.000000000000000000e+00
3.000000000000000000e+04 5.000000000000000000e-01 6.999999999999999556e-01 2.316289757847542569e+04 9.264574073436253610e-01 5.000000000000000000e-01 0.000000000000000000e+00
3.000000000000000000e+04 5.999999999999999778e-01 8.000000000000000444e-01 1.542882489031596742e+04 1.017622806817179315e+00 5.000000000000000000e-01 0.000000000000000000e+00
3.000000000000000000e+04 6.999999999999999556e-01 9.000000000000000222e-01 9.834402595214489338e+03 1.117759077477356477e+00 5.000000000000000000e-01 0.000000000000000000e+00
3.000000000000000000e+04 8.000000000000000444e-01 1.000000000000000000e+00 6.061165999657791872e+03 1.227748972323778887e+00 5.000000000000000000e-01 0.000000000000000000e+00
3.000000000000000000e+04 9.000000000000000222e-01 1.100000000000000089e+00 3.637828495013277006e+03 1.348562109147917853e+00 5.000000000000000000e-01 0.000000000000000000e+00
3.000000000000000000e+04 1.000000000000000000e+00 1.199999999999999956e+00 2.137009048186351265e+03 1.481263518215252040e+00 5.000000000000000000e-01 0.000000000000000000e+00
3.000000000000000000e+04 1.100000000000000089e+00 1.300000000000000044e+00 1.233312645209800394e+03 1.627023031057711844e+00 5.000000000000000000e-01 0.000000000000000000e+00
3.000000000000000000e+04 1.199999999999999956e+00 1.399999999999999911e+00 7.012557218097490477e+02 1.787125593143476188e+00 5.000000000000000000e-01 0.000000000000000000e+00
3.000000000000000000e+04 1.300000000000000044e+00 1.500000000000000000e+00 3.937087411807062267e+02 1.962982591335631133e+00 5.000000000000000000e-01 0.000000000000000000e+00
3.000000000000000000e+04 1.399999999999999911e+00 1.600000000000000089e+00 2.186398552590643192e+02 2.156144295997106219e+00 5.000000000000000000e-01 0.000000000000000000e+00
3.000000000000000000e+04 1.500000000000000000e+00 1.699999999999999956e+00 1.202685569076909928e+02 2.368313527425458975e+00 5.000000000000000000e-01 0.000000000000000000e+00
3.000000000000000000e+04 1.600000000000000089e+00 1.800000000000000044e+00 6.560616371110420175e+01 2.601360667094214651e+00 5.000000000000000000e-01 0.000000000000000000e+00
3.000000000000000000e+04 1.699999999999999956e+00 1.899999999999999911e+00 3.552402808019495950e+01 2.857340146032606665e+00 5.000000000000000000e-01 0.000000000000000000e+00
3.000000000000000000e+04 1.800000000000000044e+00 2.000000000000000000e+00 1.910876496826562843e+01 3.138508555697303137e+00 5.000000000000000000e-01 0.000000000000000000e+00
3.000000000000000000e+04 1.899999999999999911e+00 2.100000000000000089e+00 1.021810018178845780e+01 3.447344540992833828e+00 5.000000000000000000e-01 0.000000000000000000e+00
