           0.70000           0.89412           2.00787           0.65257           0.60987
           0.80000           0.78727           1.76279           0.57418           0.61104
           0.90000           0.70547           1.57285           0.51399           0.61020
           1.00000           0.64113           1.42177           0.46650           0.60777
           1.10000           0.58951           1.29925           0.42829           0.60412
           1.20000           0.54729           1.19813           0.39696           0.59954
           1.30000           0.51224           1.11353           0.37089           0.59426
           1.40000           0.48270           1.04185           0.34888           0.58848
           1.50000           0.45751           0.98046           0.33009           0.58233
           1.60000           0.44296           0.93701           0.31853           0.57595
           1.70000           0.42353           0.89001           0.30404           0.56942
           1.80000           0.40637           0.84861           0.29125           0.56282
           1.90000           0.39107           0.81183           0.27986           0.55620
           2.00000           0.37732           0.77893           0.26963           0.54961
           2.00000           0.13280           0.28304           0.09569           0.54961
