           0.02000          95.12533         227.90110          70.71689           0.79444
           0.04000          49.02623         117.81792          36.46969           0.79595
           0.06000          33.00947          79.40902          24.55735           0.79678
           0.08000          25.03222          60.10812          18.61007           0.79695
           0.10000           5.71585          13.64597           4.24205           0.79649
           0.20000           4.17386           8.73210           2.98297           0.78557
           0.30000           6.68611          10.32428           4.32071           0.76268
           0.40000          20.72656          25.02274          12.11284           0.73091
           0.50000          88.65957          98.98671          50.06843           0.69302
           0.60000         415.29762         465.77608         235.48284           0.65138
           0.70000        1980.11895        2275.64748        1137.59859           0.60786
