           0.02000          39.44539          93.47858          29.24561           0.92196
           0.04000          20.23369          48.23279          15.02294           0.92626
           0.06000          13.51940          32.40588          10.05104           0.92978
           0.08000          10.12833          24.40458           7.53928           0.93254
           0.10000           2.26807           5.49198           1.69026           0.93456
           0.20000           1.23501           3.05169           0.92471           0.93449
           0.30000           0.83477           2.08917           0.62680           0.91970
           0.40000           0.63240           1.59012           0.47525           0.89335
           0.50000           0.51517           1.28966           0.38663           0.85844
           0.60000           0.44361           1.09392           0.33161           0.81757
           0.70000           0.40151           0.96297           0.29798           0.77295
           0.80000           0.38225           0.87877           0.28056           0.72637
           0.90000           0.38435           0.83439           0.27780           0.67920
           1.00000           0.41021           0.83028           0.29075           0.63248
           1.10000           0.46646           0.87370           0.32317           0.58698
           1.20000           0.56578           0.98053           0.38260           0.54321
           1.30000           0.73052           1.17989           0.48267           0.50153
           1.40000           0.99914           1.52311           0.64713           0.46214
           1.50000           1.43719           2.09992           0.91699           0.42514
           1.60000           2.15572           3.06627           1.36243           0.39056
           1.70000           3.34173           4.69120           2.10282           0.35837
           1.80000           5.30887           7.43503           3.33982           0.32851
           1.90000           8.58233          12.08081           5.41296           0.30088
           2.00000          14.04178          19.95715           8.89350           0.27538
