           0.02000          94.92682         227.69934          70.59265           0.80216
           0.04000          48.73998         117.52614          36.29025           0.80429
           0.06000          32.60819          78.99845          24.30542           0.80573
           0.08000          24.47460          59.53480          18.25955           0.80651
           0.10000           5.49986          13.42251           4.10616           0.80665
           0.20000           3.11240           7.57630           2.32050           0.79859
           0.30000           2.42887           5.53857           1.77857           0.77824
           0.40000           2.66007           5.15710           1.85827           0.74862
           0.50000           4.21442           6.58844           2.73974           0.71250
           0.60000           9.12128          11.99214           5.54475           0.67220
           0.70000          24.07680          29.06835          14.12787           0.62965
           0.80000          69.79275          82.80294          40.70476           0.58632
           0.90000         209.35318         251.66742         123.01225           0.54334
           1.00000         634.78953         780.81704         377.29188           0.50150
           1.10000        1930.73480        2435.49492        1161.44979           0.46136
           1.20000        5876.42517        7600.62617        3576.16348           0.42328
           1.30000       17884.04430       23695.02260       11001.72378           0.38747
           1.40000       54408.31987       73751.28321       33805.12040           0.35401
           1.50000      165451.23139      229135.69933      103738.59353           0.32294
           1.60000      502880.37531      710543.72448      317930.21449           0.29420
           1.70000     1527726.89689     2199158.40462      973131.88296           0.26772
           1.80000     4638902.23590     6793596.14571     2974976.86099           0.24339
           1.90000    14079217.42648    20947956.46718     9084385.02262           0.22109
           2.00000    42711308.90919    64477971.62784    27710078.61934           0.20070
           2.00000           1.38232           2.81778           0.98637           0.20070
