           0.02000          39.28168          93.32410          29.14494           0.56728
           0.04000          20.14738          48.15128          14.96977           0.57802
           0.06000          13.45780          32.34764          10.01303           0.58845
           0.08000          10.07826          24.35717           7.50833           0.59857
           0.10000           2.25580           5.48034           1.68266           0.60839
           0.20000           1.22396           3.04110           0.91781           0.65275
           0.30000           0.82205           2.07678           0.61880           0.68933
           0.40000           0.61592           1.57377           0.46484           0.71848
           0.50000           0.49243           1.26657           0.37219           0.74080
           0.60000           0.41105           1.05999           0.31086           0.75705
           0.70000           0.35390           0.91189           0.26760           0.76799
           0.80000           0.31192           0.80084           0.23567           0.77440
           0.90000           0.28001           0.71476           0.21128           0.77698
           1.00000           0.25512           0.64631           0.19217           0.77637
           1.10000           0.23528           0.59080           0.17687           0.77312
           1.20000           0.21921           0.54503           0.16442           0.76772
           1.30000           0.20601           0.50681           0.15413           0.76056
           1.40000           0.19503           0.47452           0.14554           0.75199
           1.50000           0.18580           0.44700           0.13829           0.74230
           1.60000           0.17800           0.42333           0.13211           0.73171
           1.70000           0.17134           0.40284           0.12682           0.72043
           1.80000           0.16562           0.38499           0.12225           0.70862
           1.90000           0.16069           0.36936           0.11828           0.69642
           2.00000           0.15642           0.35560           0.11482           0.68393
