           0.70000           0.76794           1.86560           0.57149           0.60327
           0.80000           0.68367           1.64509           0.50760           0.60516
           0.90000           0.61999           1.47499           0.45906           0.60496
           1.00000           0.57061           1.34047           0.42121           0.60312
           1.10000           0.53152           1.23199           0.39109           0.59999
           1.20000           0.50008           1.14314           0.36672           0.59587
           1.30000           0.47443           1.06944           0.34672           0.59100
           1.40000           0.45330           1.00766           0.33013           0.58557
           1.50000           0.43571           0.95542           0.31624           0.57974
           1.60000           0.42097           0.91091           0.30452           0.57364
           1.70000           0.40855           0.87275           0.29456           0.56735
           1.80000           0.39802           0.83985           0.28606           0.56096
           1.90000           0.38907           0.81134           0.27877           0.55453
           2.00000           0.38144           0.78655           0.27250           0.54810
