           0.70000           1.07795           2.23426           0.76925           0.60327
           0.80000           0.90470           1.90828           0.64892           0.60516
           0.90000           0.82155           1.71638           0.58771           0.60496
           1.00000           0.76152           1.57013           0.54275           0.60312
           1.10000           0.71833           1.45737           0.50961           0.59999
           1.20000           0.68717           1.36915           0.48495           0.59587
           1.30000           0.66614           1.30100           0.46735           0.59100
           1.40000           0.66346           1.26116           0.46167           0.58557
           1.50000           0.67905           1.24826           0.46759           0.57974
           1.60000           0.74082           1.29489           0.50185           0.57364
           1.70000           0.86379           1.41719           0.57260           0.56735
           1.80000           0.88512           1.42118           0.58234           0.56096
           1.90000           1.15962           1.72624           0.74187           0.55453
           2.00000           1.77880           2.42960           1.09989           0.54810
