           0.02000          95.12533         227.90110          70.71689           0.79444
           0.04000          49.02623         117.81792          36.46969           0.79595
           0.06000          33.00947          79.40902          24.55735           0.79678
           0.08000          25.03222          60.10812          18.61007           0.79695
           0.10000           5.71585          13.64597           4.24205           0.79649
           0.20000           4.17386           8.73210           2.98297           0.78557
           0.30000           6.68611          10.32428           4.32071           0.76268
           0.40000          20.72656          25.02274          12.11284           0.73091
           0.50000          88.65957          98.98671          50.06843           0.69302
           0.60000         415.29762         465.77608         235.48284           0.65138
           0.70000        1980.11895        2275.64748        1137.59859           0.60786
           0.80000        9466.75018       11189.10905        5517.59628           0.56390
           0.90000       45254.43137       55026.11376       26749.97597           0.52060
           1.00000      216179.97636      270261.34690      129503.04057           0.47871
           1.10000     1031805.06074     1324970.71199      625879.07814           0.43875
           1.20000     4920264.11522     6482065.06691     3019318.04106           0.40103
           1.30000    23441526.25840    31639870.54892    14538713.91562           0.36572
           1.40000   111582796.05264   154075638.31577    69880235.08188           0.33289
           1.50000   530682860.57783   748515011.97614   335289989.78275           0.30253
           1.60000  2521826305.08857  3627796983.50972  1606054369.22672           0.27457
           1.70000 11974439438.67218 17542219557.58591  7680935592.10168           0.24892
           1.80000 56816382243.95773 84636761483.60521 36679685479.21507           0.22545
           1.90000269394633121.21048407481398929.77545174919709782.58322           0.20403
           2.00000************************************833099769812.18982           0.18452
           2.00000           2.92890           5.74049           2.06614           0.18452
