           0.02000          95.11327         227.88886          70.70934           0.79444
           0.04000          48.91566         117.70532          36.40041           0.79595
           0.06000          32.79656          79.19127          24.42375           0.79678
           0.08000          24.68957          59.75577          18.39481           0.79695
           0.10000           5.57123          13.49622           4.15113           0.79649
           0.20000           3.33729           7.81738           2.46259           0.78557
           0.30000           3.12895           6.33016           2.21413           0.76268
           0.40000           4.84535           7.67959           3.16426           0.73091
           0.50000          11.68861          15.06117           7.03982           0.69302
           0.60000          36.99215          43.48243          21.43078           0.65138
           0.70000         131.19926         152.59632          75.78393           0.60786
           0.80000         483.00733         572.48880         281.86503           0.56390
