           0.70000           0.90892           2.02944           0.66245           0.60327
           0.80000           0.79981           1.78181           0.58261           0.60516
           0.90000           0.71630           1.58985           0.52131           0.60496
           1.00000           0.65061           1.43711           0.47294           0.60312
           1.10000           0.59793           1.31322           0.43403           0.59999
           1.20000           0.55484           1.21095           0.40213           0.59587
           1.30000           0.51906           1.12535           0.37558           0.59100
           1.40000           0.48892           1.05280           0.35317           0.58557
           1.50000           0.46323           0.99066           0.33404           0.57974
           1.60000           0.44835           0.94669           0.32225           0.57364
           1.70000           0.42853           0.89910           0.30751           0.56735
           1.80000           0.41104           0.85715           0.29450           0.56096
           1.90000           0.39545           0.81988           0.28290           0.55453
           2.00000           0.38144           0.78655           0.27250           0.54810
