           0.02000          38.88566          93.07939          28.90030           0.94320
           0.04000          19.94465          48.02076          14.84383           0.94721
           0.06000          13.32535          32.25974           9.93030           0.95041
           0.08000           9.98240          24.29177           7.44811           0.95284
           0.10000           2.23711           5.47043           1.67106           0.95452
           0.20000           1.21761           3.03683           0.91364           0.95251
           0.30000           0.82296           2.07740           0.61914           0.93563
           0.40000           0.62362           1.58016           0.46947           0.90720
           0.50000           0.50830           1.28096           0.38205           0.87030
           0.60000           0.43811           1.08622           0.32790           0.82762
           0.70000           0.39707           0.95616           0.29495           0.78140
           0.80000           0.37869           0.87281           0.27811           0.73343
           0.90000           0.38160           0.82929           0.27587           0.68507
           1.00000           0.40827           0.82613           0.28933           0.63736
           1.10000           0.46544           0.87067           0.32231           0.59102
           1.20000           0.56596           0.97898           0.38246           0.54656
           1.30000           0.73243           1.18046           0.48355           0.50430
           1.40000           1.00376           1.52701           0.64962           0.46443
           1.50000           1.44618           2.10930           0.92208           0.42704
           1.60000           2.17186           3.08489           1.37188           0.39213
           1.70000           3.36964           4.72550           2.11953           0.35968
           1.80000           5.35610           7.49584           3.36860           0.32960
           1.90000           8.66126          12.18618           5.46176           0.30179
           2.00000          14.17272          20.13721           8.97543           0.27614
           2.00000           0.13886           0.29447           0.10022           0.27614
