           0.02000          38.71936          92.92318          28.79786           0.58035
           0.04000          19.85698          47.93833          14.78973           0.59109
           0.06000          13.26278          32.20084           9.89161           0.60151
           0.08000           9.93154          24.24382           7.41661           0.61161
           0.10000           2.22464           5.45865           1.66332           0.62138
           0.20000           1.20638           3.02610           0.90662           0.66535
           0.30000           0.81004           2.06484           0.61101           0.70127
           0.40000           0.60689           1.56359           0.45888           0.72961
           0.50000           0.48524           1.25758           0.36739           0.75104
           0.60000           0.40512           1.05188           0.30685           0.76636
           0.70000           0.34888           0.90450           0.26417           0.77639
           0.80000           0.30758           0.79405           0.23267           0.78193
           0.90000           0.27619           0.70848           0.20864           0.78371
           1.00000           0.25172           0.64048           0.18980           0.78236
           1.10000           0.23222           0.58536           0.17473           0.77845
           1.20000           0.21643           0.53996           0.16246           0.77245
           1.30000           0.20345           0.50205           0.15233           0.76476
           1.40000           0.19267           0.47005           0.14387           0.75572
           1.50000           0.18361           0.44277           0.13673           0.74561
           1.60000           0.17595           0.41933           0.13066           0.73466
           1.70000           0.16941           0.39905           0.12545           0.72306
           1.80000           0.16380           0.38139           0.12095           0.71097
           1.90000           0.15896           0.36592           0.11705           0.69852
           2.00000           0.15477           0.35231           0.11364           0.68581
           2.00000           0.05201           0.12510           0.03872           0.68581
