           0.02000          94.84269         227.61438          70.54005           0.58035
           0.04000          48.63946         117.42445          36.22729           0.59109
           0.06000          32.48704          78.87562          24.22940           0.60151
           0.08000          24.32720          59.38499          18.16691           0.61161
           0.10000           5.44923          13.37090           4.07429           0.62138
           0.20000           2.95501           7.41241           2.22076           0.66535
           0.30000           1.98418           5.05781           1.49665           0.70127
           0.40000           1.48658           3.83000           1.12402           0.72961
           0.50000           1.18860           3.08043           0.89991           0.75104
           0.60000           0.99234           2.57658           0.75163           0.76636
           0.70000           0.85458           2.21557           0.64708           0.77639
           0.80000           0.75340           1.94501           0.56993           0.78193
           0.90000           0.67654           1.73540           0.51105           0.78371
           1.00000           0.61658           1.56885           0.46491           0.78236
           1.10000           0.56883           1.43384           0.42799           0.77845
           1.20000           0.53014           1.32262           0.39794           0.77245
           1.30000           0.49836           1.22977           0.37314           0.76476
           1.40000           0.47194           1.15138           0.35241           0.75572
           1.50000           0.44976           1.08457           0.33493           0.74561
           1.60000           0.43098           1.02716           0.32004           0.73466
           1.70000           0.41496           0.97747           0.30728           0.72306
           1.80000           0.40123           0.93421           0.29626           0.71097
           1.90000           0.38938           0.89632           0.28670           0.69852
           2.00000           0.37912           0.86299           0.27837           0.68581
           2.00000           0.12740           0.30644           0.09484           0.68581
