           0.02000          38.95138          93.15388          28.94240           0.83261
           0.04000          19.95794          48.03860          14.85272           0.83992
           0.06000          13.32661          32.26417           9.93149           0.84656
           0.08000           9.97885          24.29074           7.44621           0.85256
           0.10000           2.23539           5.46930           1.67005           0.85791
           0.20000           1.21371           3.03337           0.91124           0.87559
           0.30000           0.81690           2.07169           0.61535           0.87965
           0.40000           0.61435           1.57108           0.46362           0.87233
           0.50000           0.49404           1.26652           0.37299           0.85590
           0.60000           0.41605           1.06313           0.31384           0.83245
           0.70000           0.36294           0.91918           0.27316           0.80385
           0.80000           0.32608           0.81369           0.24453           0.77168
           0.90000           0.30095           0.73525           0.22449           0.73720
           1.00000           0.28518           0.67743           0.21122           0.70147
           1.10000           0.27774           0.63677           0.20383           0.66528
           1.20000           0.27857           0.61184           0.20212           0.62923
           1.30000           0.28843           0.60282           0.20645           0.59379
           1.40000           0.30902           0.61143           0.21778           0.55929
           1.50000           0.34324           0.64119           0.23780           0.52597
           1.60000           0.39561           0.69795           0.26928           0.49397
           1.70000           0.47311           0.79088           0.31646           0.46340
           1.80000           0.58633           0.93418           0.38592           0.43432
           1.90000           0.75140           1.14975           0.48768           0.40672
           2.00000           0.99280           1.47130           0.63709           0.38062
           2.00000           0.08799           0.18843           0.06369           0.38062
