           0.02000          96.22006         228.59642          71.39023           0.56728
           0.04000          49.35079         117.94607          36.66830           0.57802
           0.06000          32.96474          79.23522          24.52681           0.58845
           0.08000          24.68659          59.66265          18.39158           0.59857
           0.10000           5.52555          13.42405           4.12166           0.60839
           0.20000           2.99808           7.44914           2.24816           0.65275
           0.30000           2.01359           5.08705           1.51574           0.68933
           0.40000           1.50870           3.85492           1.13861           0.71848
           0.50000           1.20619           3.10246           0.91168           0.74080
           0.60000           1.00686           2.59643           0.76146           0.75705
           0.70000           0.86688           2.23368           0.65549           0.76799
           0.80000           0.76404           1.96165           0.57727           0.77440
           0.90000           0.68588           1.75079           0.51754           0.77698
           1.00000           0.62490           1.58314           0.47072           0.77637
           1.10000           0.57632           1.44715           0.43325           0.77312
           1.20000           0.53696           1.33506           0.40274           0.76772
           1.30000           0.50461           1.24143           0.37755           0.76056
           1.40000           0.47771           1.16234           0.35650           0.75199
           1.50000           0.45513           1.09491           0.33873           0.74230
           1.60000           0.43600           1.03694           0.32361           0.73171
           1.70000           0.41969           0.98675           0.31064           0.72043
           1.80000           0.40569           0.94303           0.29944           0.70862
           1.90000           0.39362           0.90474           0.28972           0.69642
           2.00000           0.38316           0.87103           0.28124           0.68393
