           0.02000          38.77052          92.97317          28.82963           0.86413
           0.04000          19.90225          47.98264          14.81790           0.86675
           0.06000          13.30709          32.24429           9.91923           0.86863
           0.08000           9.97701          24.28850           7.44500           0.86979
           0.10000           2.23809           5.47190           1.67173           0.87026
           0.20000           1.22930           3.04905           0.92107           0.86317
           0.30000           0.85053           2.10629           0.63669           0.84274
           0.40000           0.67985           1.64051           0.50532           0.81218
           0.50000           0.61644           1.40104           0.45086           0.77443
           0.60000           0.63841           1.31715           0.45447           0.73199
           0.70000           0.76107           1.38958           0.52220           0.68693
           0.80000           1.04085           1.67802           0.68538           0.64085
           0.90000           1.60697           2.33513           1.01933           0.59498
           1.00000           2.73277           3.70030           1.68768           0.55018
           1.10000           4.97914           6.50073           3.03314           0.50709
           1.20000           9.47882          12.25640           5.75821           0.46611
           1.30000          18.50587          24.09719          11.28756           0.42746
           1.40000          36.62405          48.43455          22.50308           0.39128
           1.50000          73.00047          98.38839          45.23551           0.35760
           1.60000         146.06154         200.79021          91.28347           0.32638
           1.70000         292.86103         410.46487         184.51741           0.29756
           1.80000         587.93289         839.32286         373.21637           0.27102
           1.90000        1181.23872        1715.56481         754.99485           0.24665
           2.00000        2374.56125        3504.05757        1527.15605           0.22432
           2.00000           0.27949           0.57656           0.20011           0.22432
