   1.0202000000000000E-004   1026.2208142662660     
   1.0408000000000001E-004   1046.1069562664286     
   1.0618000000000000E-004   1066.4308435307462     
   1.0833000000000000E-004   1087.1716310466390     
   1.1052000000000001E-004   1108.2250937512140     
   1.1275000000000000E-004   1129.7996817702588     
   1.1503000000000000E-004   1151.6869449779851     
   1.1735000000000001E-004   1174.0953335001814     
   1.1972000000000000E-004   1196.8163972110592     
   1.2213999999999999E-004   1220.0585862364067     
   1.2460999999999999E-004   1243.7176755133301     
   1.2711999999999999E-004   1267.8978901047230     
   1.2968999999999999E-004   1292.4950049476915     
   1.3231000000000001E-004   1317.6132451051303     
   1.3499000000000001E-004   1343.1483855141444     
   1.3771000000000001E-004   1369.2046512376282     
   1.4049000000000001E-004   1395.7820422755815     
   1.4333000000000000E-004   1422.8805586280048     
   1.4622999999999999E-004   1450.5002002948975     
   1.4918000000000000E-004   1478.6409672762602     
   1.5220000000000001E-004   1507.3028595720925     
   1.5527000000000000E-004   1536.5901022452883     
   1.5841000000000000E-004   1566.3984702329537     
   1.6160999999999999E-004   1596.7279635350890     
   1.6487000000000001E-004   1627.6828072145879     
   1.6820000000000000E-004   1659.2630012714501     
   1.7160000000000000E-004   1691.4685457056764     
   1.7506999999999999E-004   1724.2994405172660     
   1.7860000000000000E-004   1757.6514606433248     
   1.8221000000000001E-004   1791.7330562096417     
   1.8589000000000000E-004   1826.5442272162161     
   1.8965000000000000E-004   1861.9807486001544     
   1.9348000000000000E-004   1897.9383952985618     
   1.9739000000000001E-004   1934.8340675630150     
   2.0138000000000000E-004   1972.3550902048316     
   2.0544000000000001E-004   2010.5014632240122     
   2.0959000000000000E-004   2049.4816367463436     
   2.1383000000000000E-004   2089.1913857089335     
   2.1814999999999999E-004   2129.6307101117800     
   2.2254999999999999E-004   2171.0080600806727     
   2.2704999999999999E-004   2212.9065353640344     
   2.3164000000000000E-004   2255.7430362134419     
   2.3631999999999999E-004   2299.5175626288951     
   2.4109000000000001E-004   2344.0216644846050     
   2.4595999999999998E-004   2389.3595668434668     
   2.5093000000000001E-004   2435.7397198312683     
   2.5599999999999999E-004   2482.8494482593269     
   2.6117000000000002E-004   2530.8972022534313     
   2.6645000000000000E-004   2579.8829818135805     
   2.7182999999999998E-004   2629.7025618768816     
   2.7732000000000001E-004   2680.5643925691220     
   2.8291999999999998E-004   2732.3642488274081     
   2.8864000000000000E-004   2785.2063557146330     
   2.9447000000000002E-004   2838.9864881679036     
   3.0041999999999997E-004   2893.9130963130078     
   3.0648999999999997E-004   2949.8819550870508     
   3.1268000000000002E-004   3006.8930644900333     
   3.1899000000000001E-004   3064.9464245219551     
   3.2543999999999997E-004   3124.1462602457109     
   3.3200999999999999E-004   3184.3883465984054     
   3.3871999999999998E-004   3245.7769086429330     
   3.4556000000000002E-004   3308.5203965050828     
   3.5253999999999998E-004   3372.3061349961708     
   3.5965999999999998E-004   3437.4467993048806     
   3.6693000000000001E-004   3503.6297142425296     
   3.7434000000000002E-004   3571.1675549977999     
   3.8190000000000001E-004   3640.0603215706906     
   3.8962000000000003E-004   3710.0995638354148     
   3.9749000000000002E-004   3781.5979569806550     
   4.0551999999999998E-004   3854.4512759435161     
   4.1371000000000002E-004   3928.6595207239980     
   4.2206999999999998E-004   4004.1184662592068     
   4.3060000000000000E-004   4081.1407877378247     
   4.3929000000000000E-004   4159.8307102227454     
   4.4817000000000001E-004   4239.5628833366072     
   4.5721999999999999E-004   4321.1711075825579     
   4.6645999999999998E-004   4404.1342576461302     
   4.7587999999999998E-004   4488.7650087160055     
   4.8549999999999998E-004   4574.7506856035034     
   4.9529999999999995E-004   4662.5081885601949     
   5.0531000000000003E-004   4751.9332925231929     
   5.1552000000000000E-004   4843.0259974924929     
   5.2592999999999997E-004   4935.7863034680940     
   5.3656000000000005E-004   5030.2142104499990     
   5.4739000000000003E-004   5126.5181685639964     
   5.5845000000000005E-004   5224.3855026214005     
   5.6972999999999995E-004   5324.2331128737906     
   5.8124000000000001E-004   5426.0609993211665     
   5.9299000000000005E-004   5529.5564867748435     
   6.0495999999999998E-004   5635.1364754864007     
   6.1718999999999999E-004   5742.5925153300468     
   6.2965000000000004E-004   5852.0288313686797     
   6.4236999999999996E-004   5963.3411985394023     
   6.5534999999999996E-004   6076.8422920308976     
   6.6859000000000005E-004   6192.4278867802714     
   6.8210000000000005E-004   6309.9937577246310     
   6.9587999999999996E-004   6429.8525800526568     
   7.0993000000000000E-004   6551.9001287014544     
   7.2426999999999995E-004   6676.2406287339181     
   7.3890999999999996E-004   6802.5614049613687     
   7.5383000000000004E-004   6931.4878077611675     
   7.6906000000000001E-004   7062.3944867559485     
   7.8459999999999999E-004   7196.0110173859757     
   8.0044999999999997E-004   7331.8162743367739     
   8.1662000000000000E-004   7470.2271578599184     
   8.3310999999999997E-004   7611.0352178296253     
   8.4993999999999998E-004   7754.2404542458917     
   8.6711000000000004E-004   7900.0513172345090     
   8.8462999999999996E-004   8048.3635817325785     
   9.0249999999999998E-004   8199.5941479916783     
   9.2073000000000003E-004   8353.4303408231281     
   9.3933000000000005E-004   8509.7679351640272     
   9.5830999999999998E-004   8668.9196062030696     
   9.7766999999999993E-004   8830.8853539402444     
   9.9741999999999995E-004   8995.7694034384494     
   1.0176000000000000E-003   9163.4675296347905     
   1.0380999999999999E-003   9334.1881826550562     
   1.0591000000000001E-003   9507.6186873105671     
   1.0805000000000001E-003   9684.1759438528952     
   1.1023000000000001E-003   9863.7557272191461     
   1.1245999999999999E-003   10046.462262472211     
   1.1473000000000000E-003   10232.191324549205     
   1.1705000000000001E-003   10421.255588638802     
   1.1941000000000000E-003   10613.238154489431     
   1.2182000000000000E-003   10809.181272730033     
   1.2428999999999999E-003   11007.208892228509     
   1.2680000000000000E-003   11209.405514242744     
   1.2936000000000000E-003   11414.728888143794     
   1.3197000000000000E-003   11623.179013931664     
   1.3464000000000000E-003   11835.798142235293     
   1.3736000000000000E-003   12051.544022425740     
   1.4013000000000001E-003   12270.416654503002     
   1.4296000000000001E-003   12493.458289096025     
   1.4584999999999999E-003   12719.626675575868     
   1.4880000000000000E-003   12949.964064571464     
   1.5180000000000000E-003   13183.428205453878     
   1.5487000000000001E-003   13421.061348852050     
   1.5800000000000000E-003   13661.821244137040     
   1.6119000000000001E-003   13906.750141937788     
   1.6444999999999999E-003   14155.848042254291     
   1.6777000000000001E-003   14408.072694457620     
   1.7116000000000000E-003   14664.466349176701     
   1.7462000000000001E-003   14925.029006411538     
   1.7814000000000000E-003   15189.760666162132     
   1.8174000000000000E-003   15457.619077799543     
   1.8541000000000000E-003   15729.646491952721     
   1.8916000000000000E-003   16005.842908621647     
   1.9298000000000000E-003   16287.250578435269     
   1.9688000000000002E-003   16571.785000135718     
   2.0086000000000001E-003   16860.488424351919     
   2.0490999999999999E-003   17153.360851083871     
   2.0904999999999999E-003   17450.402280331586     
   2.1327999999999998E-003   17751.612712095059     
   2.1757999999999999E-003   18056.992146374298     
   2.2198000000000001E-003   18366.540583169281     
   2.2645999999999999E-003   18680.258022480022     
   2.3104000000000002E-003   18998.144464306530     
   2.3571000000000000E-003   19320.199908648785     
   2.4047000000000001E-003   19647.466606135738     
   2.4532999999999998E-003   19976.817804880582     
   2.5027999999999999E-003   20313.464758027993     
   2.5533999999999999E-003   20652.196212433279     
   2.6050000000000001E-003   20996.138919983263     
   2.6576000000000000E-003   21344.250630049009     
   2.7112999999999998E-003   21695.489092001568     
   2.7659999999999998E-003   22052.981057727775     
   2.8219000000000000E-003   22412.557524711854     
   2.8789000000000002E-003   22778.387495469568     
   2.9371000000000002E-003   23147.344218114085     
   2.9964000000000002E-003   23520.469943274384     
   3.0569000000000000E-003   23896.722420321483     
   3.1186999999999999E-003   24279.228401142231     
   3.1817000000000000E-003   24664.861133849787     
   3.2460000000000002E-003   25054.662869073112     
   3.3115000000000002E-003   25447.591356183249     
   3.3784000000000002E-003   25844.688845809138     
   3.4467000000000000E-003   26245.955337950792     
   3.5163000000000000E-003   26651.390832608198     
   3.5874000000000001E-003   27059.953079152434     
   3.6597999999999999E-003   27473.726578841350     
   3.7337999999999998E-003   27889.584579788152     
   3.8092000000000000E-003   28308.569332621777     
   3.8861000000000000E-003   28731.723087971146     
   3.9646000000000004E-003   29158.003595207345     
   4.0447000000000000E-003   29588.453104959295     
   4.1263999999999997E-003   30020.987115969132     
   4.2097999999999997E-003   30456.647878865777     
   4.2947999999999997E-003   30896.477644278188     
   4.3816000000000003E-003   31337.349660319524     
   4.4701000000000003E-003   31783.432929505572     
   4.5604000000000000E-003   32229.516198691617     
   4.6525000000000004E-003   32678.726219764470     
   4.7464999999999999E-003   33131.062992724153     
   4.8424000000000002E-003   33586.526517570659     
   4.9401999999999996E-003   34041.990042417157     
   5.0400000000000002E-003   34498.495817892595     
   5.1418999999999996E-003   34959.170595883777     
   5.2456999999999998E-003   35418.803123246027     
   5.3517000000000000E-003   35880.520151866178     
   5.4597999999999999E-003   36344.321681744186     
   5.5700999999999997E-003   36808.123211622195     
   5.6826000000000003E-003   37274.009242758082     
   5.7974000000000003E-003   37737.810772636098     
   5.9144999999999996E-003   38203.696803771985     
   6.0340000000000003E-003   38668.540584278933     
   6.1558999999999997E-003   39132.342114156949     
   6.2802999999999999E-003   39598.228145292836     
   6.4072000000000000E-003   40059.945173912973     
   6.5366000000000000E-003   40521.662202533102     
   6.6686000000000002E-003   40984.421481782178     
   6.8033000000000000E-003   41441.969507886562     
   6.9407999999999996E-003   41898.475283362008     
   7.0809999999999996E-003   42352.896557579559     
   7.2240000000000004E-003   42806.275581168171     
   7.3699999999999998E-003   43254.443351612077     
   7.5189000000000002E-003   43699.484370169193     
   7.6708000000000002E-003   44139.314135581604     
   7.8256999999999997E-003   44577.059399736136     
   7.9837999999999992E-003   45009.593410745969     
   8.1451000000000006E-003   45437.958419240022     
   8.3096000000000003E-003   45861.112174589412     
   8.4775000000000007E-003   46276.970175536226     
   8.6487999999999999E-003   46686.574672709379     
   8.8234999999999997E-003   47090.967916737849     
   9.0016999999999996E-003   47488.065406363741     
   9.1836000000000001E-003   47875.782640329191     
   9.3691000000000000E-003   48258.288621149928     
   9.5583000000000005E-003   48629.329845052336     
   9.7514000000000003E-003   48992.033063923242     
   9.9483999999999996E-003   49346.398277762601     
   1.0149000000000000E-002   49690.340985312600     
   1.0354000000000000E-002   50023.861186573195     
   1.0564000000000000E-002   50344.874380286521     
   1.0777000000000000E-002   50656.507318339369     
   1.0995000000000000E-002   50953.548747587098     
   1.1217000000000000E-002   51239.125419916476     
   1.1443000000000000E-002   51511.152834069646     
   1.1675000000000000E-002   51769.630990046608     
   1.1910000000000000E-002   52012.475386589489     
   1.2151000000000000E-002   52242.812775585066     
   1.2397000000000000E-002   52454.389653259772     
   1.2647000000000000E-002   52650.332771500362     
   1.2902000000000000E-002   52830.642130306864     
   1.3162999999999999E-002   52994.275479050346     
   1.3429000000000000E-002   53138.106065843982     
   1.3700000000000000E-002   53264.218391945622     
   1.3977000000000000E-002   53370.527956097452     
   1.4259000000000001E-002   53458.077008928347     
   1.4546999999999999E-002   53524.781049180456     
   1.4841000000000000E-002   53570.640076853815     
   1.5141000000000000E-002   53594.611841319405     
   1.5447000000000001E-002   53598.780843835164     
   1.5758999999999999E-002   53577.935831256385     
   1.6077000000000001E-002   53535.203555469889     
   1.6402000000000000E-002   53470.584016475615     
   1.6733999999999999E-002   53381.992713015803     
   1.7072000000000000E-002   53268.387394461395     
   1.7416000000000001E-002   53128.725810183525     
   1.7767999999999999E-002   52966.134712068982     
   1.8127000000000001E-002   52778.529598859903     
   1.8492999999999999E-002   52564.868219927346     
   1.8866999999999998E-002   52326.192825900231     
   1.9248000000000001E-002   52062.503416778563     
   1.9637000000000002E-002   51771.715491304487     
   2.0034000000000000E-002   51455.913550735859     
   2.0438000000000001E-002   51115.097595072686     
   2.0851000000000001E-002   50747.183123057090     
   2.1271999999999999E-002   50356.339137204828     
   2.1701999999999999E-002   49938.396635000150     
   2.2141000000000001E-002   49495.440117700935     
   2.2588000000000000E-002   49029.554086565055     
   2.3043999999999999E-002   48539.696290963562     
   2.3510000000000000E-002   48025.866730896465     
   2.3984999999999999E-002   47490.149907621628     
   2.4469000000000001E-002   46933.588071768005     
   2.4964000000000000E-002   46354.096722077738     
   2.5468000000000001E-002   45756.887111695476     
   2.5982000000000002E-002   45140.916989992314     
   2.6506999999999999E-002   44507.228607597193     
   2.7043000000000001E-002   43855.821964510098     
   2.7588999999999999E-002   43191.908313875727     
   2.8146000000000001E-002   42514.445405065147     
   2.8715000000000001E-002   41824.475488707300     
   2.9295000000000002E-002   41127.209817946881     
   2.9887000000000000E-002   40420.563891525984     
   3.0490000000000000E-002   39705.579960073592     
   3.1106000000000002E-002   38984.342524847569     
   3.1734999999999999E-002   38258.936087105765     
   3.2376000000000002E-002   37528.318396219285     
   3.3029999999999997E-002   36795.616204074919     
   3.3696999999999998E-002   36063.956262559499     
   3.4377999999999999E-002   35335.423072930891     
   3.5071999999999999E-002   34612.101136446989     
   3.5781000000000000E-002   33896.074954365627     
   3.6504000000000002E-002   33192.555779831579     
   3.7241000000000003E-002   32500.501362215837     
   3.7992999999999999E-002   31827.207455921020     
   3.8760999999999997E-002   31168.505058431358     
   3.9544000000000003E-002   30528.563172262584     
   4.0342999999999997E-002   29909.466298672611     
   4.1158000000000000E-002   29310.172187032480     
   4.1988999999999999E-002   28732.765338600089     
   4.2838000000000001E-002   28176.203502746474     
   4.3702999999999999E-002   27644.655681987402     
   4.4586000000000001E-002   27133.952873807113     
   4.5485999999999999E-002   26646.179579463500     
   4.6405000000000002E-002   26180.293548327612     
   4.7343000000000003E-002   25735.252529770507     
   4.8299000000000002E-002   25312.098774421127     
   4.9274999999999999E-002   24907.705530392657     
   5.0270000000000002E-002   24524.157298942977     
   5.1285999999999998E-002   24156.242826927388     
   5.2322000000000000E-002   23808.131116861645     
   5.3379000000000003E-002   23473.568664972110     
   5.4456999999999998E-002   23151.513220629851     
   5.5557000000000002E-002   22839.880282576982     
   5.6680000000000001E-002   22537.627600184573     
   5.7825000000000001E-002   22240.586170936855     
   5.8992999999999997E-002   21943.544741689140     
   6.0184000000000001E-002   21643.376560554603     
   6.1400000000000003E-002   21336.954875646436     
   6.2641000000000002E-002   21018.026183190988     
   6.3906000000000004E-002   20684.505981930397     
   6.5197000000000005E-002   20333.267519977839     
   6.6514000000000004E-002   19960.141794817548     
   6.7858000000000002E-002   19567.213307707418     
   6.9228999999999999E-002   19151.355306760608     
   7.0626999999999995E-002   18713.610042606084     
   7.2054000000000007E-002   18258.146517759593     
   7.3510000000000006E-002   17780.795729705358     
   7.4994000000000005E-002   17283.642179701292     
   7.6508999999999994E-002   16766.685867747372     
   7.8054999999999999E-002   16234.095796359359     
   7.9631999999999994E-002   15686.914216166206     
   8.1240999999999994E-002   15129.310129683645     
   8.2881999999999997E-002   14567.537040685342     
   8.4556000000000006E-002   14010.975204831722     
   8.6263999999999993E-002   13464.835875267503     
   8.8007000000000002E-002   12935.372555766313     
   8.9785000000000004E-002   12430.923251359665     
   9.1597999999999999E-002   11954.614713934378     
   9.3449000000000004E-002   11510.615946006217     
   9.5337000000000005E-002   11102.053699461989     
   9.7263000000000002E-002   10729.970224930639     
   9.9226999999999996E-002   10393.427496846120     
  0.10123000000000000        10093.050865585801     
  0.10328000000000000        9826.6516048289013     
  0.10536000000000000        9592.2494383804406     
  0.10749000000000000        9386.0922639762357     
  0.10965999999999999        9204.6364294778978     
  0.11187999999999999        9041.6284311117797     
  0.11414000000000001        8890.2936397897847     
  0.11644000000000000        8742.1898254175067     
  0.11880000000000000        8588.9789829634210     
  0.12120000000000000        8423.4695830878500     
  0.12365000000000000        8239.8250222687366     
  0.12614000000000000        8034.9185486192591     
  0.12869000000000000        7806.8741110073306     
  0.13128999999999999        7556.4212848732041     
  0.13394000000000000        7285.0192210973964     
  0.13664999999999999        6996.9411472585589     
  0.13941000000000001        6697.7109916900708     
  0.14223000000000000        6394.8329589202949     
  0.14510000000000001        6095.9154785404871     
  0.14802999999999999        5810.1303560853185     
  0.15101999999999999        5544.4606707686771     
  0.15407000000000001        5305.6810516786709     
  0.15717999999999999        5097.0224757650121     
  0.16036000000000000        4918.9018432792773     
  0.16360000000000000        4769.7557782780559     
  0.16689999999999999        4644.8941529311205     
  0.17027999999999999        4538.2719135906254     
  0.17371000000000000        4442.1764056024167     
  0.17721999999999999        4348.2696239349807     
  0.18079999999999999        4249.3600392486369     
  0.18446000000000001        4139.8194981471106     
  0.18817999999999999        4014.9578728001757     
  0.19198000000000001        3873.2117872644235     
  0.19586000000000001        3717.1868681122028     
  0.19982000000000000        3551.8859183624213     
  0.20386000000000001        3384.3962422918671     
  0.20796999999999999        3222.4304945546910     
  0.21218000000000001        3072.0337287987427     
  0.21646000000000001        2937.6876227284602     
  0.22083000000000000        2823.0400535451317     
  0.22530000000000000        2726.4234202424536     
  0.22985000000000000        2645.3363213109719     
  0.23449000000000000        2573.2125777883693     
  0.23923000000000000        2503.5902357752202     
  0.24406000000000000        2431.0495920010412     
  0.24898999999999999        2351.5258690129685     
  0.25402000000000002        2263.7683660562748     
  0.25914999999999999        2168.9235588227939     
  0.26439000000000001        2071.3688999540705     
  0.26973000000000003        1975.6902922174374     
  0.27517999999999998        1886.5778634431231     
  0.28073999999999999        1807.2625905808382     
  0.28641000000000000        1738.3698240079468     
  0.29219000000000001        1678.4404128439342     
  0.29809999999999998        1623.6180297617243     
  0.30412000000000000        1570.0463474342414     
  0.31025999999999998        1514.5986139746681     
  0.31652999999999998        1455.8156785024885     
  0.32291999999999998        1394.6355665837486     
  0.32945000000000002        1333.1427794763263     
  0.33610000000000001        1274.4640690670410     
  0.34288999999999997        1220.4754864879824     
  0.34982000000000002        1172.1150573051966     
  0.35688999999999999        1128.3405308897436     
  0.36409000000000002        1086.8589558579574     
  0.37145000000000000        1045.8985061406408     
  0.37895000000000001        1004.1667909579090     
  0.38661000000000001        961.98690800473355     
  0.39441999999999999        920.54702299810481     
  0.40239000000000003        881.09783669275032     
  0.41052000000000000        844.72328974276695     
  0.41881000000000002        810.90225683368476     
  0.42726999999999998        778.44657224851346     
  0.43590000000000001        746.92891322938738     
  0.44470999999999999        716.39096980146428     
  0.45368999999999998        686.84316447103356     
  0.46285999999999999        658.28549723809545     
  0.47221000000000002        630.73881311522837     
  0.48174000000000000        604.19268959614294     
  0.49147999999999997        578.64712668083939     
  0.50141000000000002        554.09170186302833     
