   1.0202000000000000E-004   1037.7184556733068     
   1.0408000000000001E-004   1057.8650504201098     
   1.0618000000000000E-004   1078.4055729971567     
   1.0833000000000000E-004   1099.3400234044491     
   1.1052000000000001E-004   1120.6871601100934     
   1.1275000000000000E-004   1142.4469831140887     
   1.1503000000000000E-004   1164.6194924164361     
   1.1735000000000001E-004   1187.2234464852418     
   1.1972000000000000E-004   1210.2588453205062     
   1.2213999999999999E-004   1233.7632058584422     
   1.2460999999999999E-004   1257.6990111628381     
   1.2711999999999999E-004   1282.1037781699054     
   1.2968999999999999E-004   1306.9962653477517     
   1.3231000000000001E-004   1332.3577142282707     
   1.3499000000000001E-004   1358.2068832795687     
   1.3771000000000001E-004   1384.5625309697532     
   1.4049000000000001E-004   1411.4246572988238     
   1.4333000000000000E-004   1438.8120207348868     
   1.4622999999999999E-004   1466.7246212779437     
   1.4918000000000000E-004   1495.1812173960996     
   1.5220000000000001E-004   1524.2005675574617     
   1.5527000000000000E-004   1553.7639132939253     
   1.5841000000000000E-004   1583.9087715417024     
   1.6160999999999999E-004   1614.6163838326859     
   1.6487000000000001E-004   1645.9430255711964     
   1.6820000000000000E-004   1677.8699382891284     
   1.7160000000000000E-004   1710.3971219864798     
   1.7506999999999999E-004   1743.5620935994673     
   1.7860000000000000E-004   1777.3648531280871     
   1.8221000000000001E-004   1811.8429175085564     
   1.8589000000000000E-004   1846.9587698046598     
   1.8965000000000000E-004   1882.7874438888248     
   1.9348000000000000E-004   1919.1788720161965     
   1.9739000000000001E-004   1956.5082235489133     
   2.0138000000000000E-004   1994.4003291248371     
   2.0544000000000001E-004   2033.0427734250347     
   2.0959000000000000E-004   2072.4355564495108     
   2.1383000000000000E-004   2112.5786781982601     
   2.1814999999999999E-004   2153.4721386712858     
   2.2254999999999999E-004   2195.3035225496583     
   2.2704999999999999E-004   2237.6976604712345     
   2.3164000000000000E-004   2281.0297217981579     
   2.3631999999999999E-004   2325.2997065304248     
   2.4109000000000001E-004   2370.3200299869673     
   2.4595999999999998E-004   2416.0906921677856     
   2.5093000000000001E-004   2462.9868624350165     
   2.5599999999999999E-004   2510.6333714265243     
   2.6117000000000002E-004   2559.2178038233760     
   2.6645000000000000E-004   2608.7401596255731     
   2.7182999999999998E-004   2659.2004388331152     
   2.7732000000000001E-004   2710.5986414460017     
   2.8291999999999998E-004   2762.9347674642327     
   2.8864000000000000E-004   2816.3964015688757     
   2.9447000000000002E-004   2870.7959590788651     
   3.0041999999999997E-004   2926.3210246752683     
   3.0648999999999997E-004   2982.9715983580850     
   3.1268000000000002E-004   3040.5600954462448     
   3.1899000000000001E-004   3099.2741006208175     
   3.2543999999999997E-004   3159.1136138818069     
   3.3200999999999999E-004   3220.0786352292080     
   3.3871999999999998E-004   3282.1691646630215     
   3.4556000000000002E-004   3345.5727868643203     
   3.5253999999999998E-004   3410.1019171520311     
   3.5965999999999998E-004   3475.9441402072243     
   3.6693000000000001E-004   3542.9118713488328     
   3.7434000000000002E-004   3611.1926952579206     
   3.8190000000000001E-004   3680.7866119344931     
   3.8962000000000003E-004   3751.6936213785480     
   3.9749000000000002E-004   3823.9137235900848     
   4.0551999999999998E-004   3897.6345032501736     
   4.1371000000000002E-004   3972.6683756777438     
   4.2206999999999998E-004   4049.0153408727992     
   4.3060000000000000E-004   4126.8629835164020     
   4.3929000000000000E-004   4206.3988882896283     
   4.4817000000000001E-004   4287.0603011492667     
   4.5721999999999999E-004   4369.5975608195940     
   4.6645999999999998E-004   4453.4479132574070     
   4.7587999999999998E-004   4538.9865278248371     
   4.8549999999999998E-004   4626.0258198408173     
   4.9529999999999995E-004   4714.7533739864230     
   5.0531000000000003E-004   4805.1691902616449     
   5.1552000000000000E-004   4897.2732686664876     
   5.2592999999999997E-004   4991.0656092009503     
   5.3656000000000005E-004   5086.5462118650357     
   5.4739000000000003E-004   5183.9026613398100     
   5.5845000000000005E-004   5282.9473729442016     
   5.6972999999999995E-004   5383.8679313592838     
   5.8124000000000001E-004   5486.8519212661295     
   5.9299000000000005E-004   5591.5241733025905     
   6.0495999999999998E-004   5698.2598568308058     
   6.1718999999999999E-004   5806.8713871697146     
   6.2965000000000004E-004   5917.5463490003849     
   6.4236999999999996E-004   6030.0971576417442     
   6.5534999999999996E-004   6144.8989824559203     
   6.6859000000000005E-004   6261.7642387618625     
   6.8210000000000005E-004   6380.6929265595654     
   6.9587999999999996E-004   6501.8726305300943     
   7.0993000000000000E-004   6625.3033506734428     
   7.2426999999999995E-004   6750.9850869896300     
   7.3890999999999996E-004   6878.7302547975678     
   7.5383000000000004E-004   7009.1016081404778     
   7.6906000000000001E-004   7141.5363929751320     
   7.8459999999999999E-004   7276.5973633447575     
   8.0044999999999997E-004   7413.9093498872189     
   8.1662000000000000E-004   7553.8475219646443     
   8.3310999999999997E-004   7696.2242948959611     
   8.4993999999999998E-004   7841.0396686811600     
   8.6711000000000004E-004   7988.4812280013384     
   8.8462999999999996E-004   8138.5489728564798     
   9.0249999999999998E-004   8291.4304879276660     
   9.2073000000000003E-004   8446.9381885338044     
   9.3933000000000005E-004   8605.0720746749030     
   9.5830999999999998E-004   8766.0197310320400     
   9.7766999999999993E-004   8929.7811576052263     
   9.9741999999999995E-004   9096.5439390755037     
   1.0176000000000000E-003   9266.1204907618139     
   1.0380999999999999E-003   9438.6983973452188     
   1.0591000000000001E-003   9614.0900741446694     
   1.0805000000000001E-003   9792.6706905222836     
   1.1023000000000001E-003   9974.2526617969997     
   1.1245999999999999E-003   10159.023572649903     
   1.1473000000000000E-003   10346.795838399901     
   1.1705000000000001E-003   10537.944628409128     
   1.1941000000000000E-003   10732.282357996537     
   1.2182000000000000E-003   10929.809027162129     
   1.2428999999999999E-003   11130.712220586949     
   1.2680000000000000E-003   11334.991938271003     
   1.2936000000000000E-003   11542.648180214319     
   1.3197000000000000E-003   11753.680946416856     
   1.3464000000000000E-003   11968.277821559710     
   1.3736000000000000E-003   12186.251220961796     
   1.4013000000000001E-003   12407.976313985271     
   1.4296000000000001E-003   12633.265515949048     
   1.4584999999999999E-003   12862.118826853148     
   1.4880000000000000E-003   13094.723831378611     
   1.5180000000000000E-003   13330.892944844385     
   1.5487000000000001E-003   13571.001336612626     
   1.5800000000000000E-003   13814.861422002225     
   1.6119000000000001E-003   14062.473201013212     
   1.6444999999999999E-003   14314.024258326637     
   1.6777000000000001E-003   14569.514593942515     
   1.7116000000000000E-003   14828.756623179775     
   1.7462000000000001E-003   15092.125515400559     
   1.7814000000000000E-003   15359.433685923777     
   1.8174000000000000E-003   15630.681134749459     
   1.8541000000000000E-003   15906.243031239715     
   1.8916000000000000E-003   16185.556621351321     
   1.9298000000000000E-003   16469.184659127553     
   1.9688000000000002E-003   16756.939559887291     
   2.0086000000000001E-003   17048.821323630546     
   2.0490999999999999E-003   17345.017535038387     
   2.0904999999999999E-003   17645.340609429724     
   2.1327999999999998E-003   17949.978131485659     
   2.1757999999999999E-003   18258.742516525137     
   2.2198000000000001E-003   18571.821349229169     
   2.2645999999999999E-003   18889.777383640983     
   2.3104000000000002E-003   19210.547188268858     
   2.3571000000000000E-003   19536.944533328799     
   2.4047000000000001E-003   19867.093572010082     
   2.4532999999999998E-003   20200.994304312793     
   2.5027999999999999E-003   20540.522577047544     
   2.5533999999999999E-003   20883.802543403690     
   2.6050000000000001E-003   21230.834203381190     
   2.6576000000000000E-003   21583.493403790781     
   2.7112999999999998E-003   21938.028451011065     
   2.7659999999999998E-003   22300.066885474098     
   2.8219000000000000E-003   22663.981166747810     
   2.8789000000000002E-003   23033.522988453587     
   2.9371000000000002E-003   23406.816503780774     
   2.9964000000000002E-003   23783.861712729315     
   3.0569000000000000E-003   24164.658615299220     
   3.1186999999999999E-003   24551.083058301218     
   3.1817000000000000E-003   24941.259194924602     
   3.2460000000000002E-003   25335.187025169347     
   3.3115000000000002E-003   25732.866549035443     
   3.3784000000000002E-003   26134.297766522948     
   3.4467000000000000E-003   26539.480677631847     
   3.5163000000000000E-003   26950.291129172791     
   3.5874000000000001E-003   27362.977427524434     
   3.6597999999999999E-003   27781.291266308141     
   3.7337999999999998E-003   28201.480951902544     
   3.8092000000000000E-003   28625.422331118301     
   3.8861000000000000E-003   29053.115403955497     
   3.9646000000000004E-003   29484.560170414035     
   4.0447000000000000E-003   29919.756630493895     
   4.1263999999999997E-003   30356.828937384544     
   4.2097999999999997E-003   30797.652937896491     
   4.2947999999999997E-003   31242.228632029841     
   4.3816000000000003E-003   31688.680172973916     
   4.4701000000000003E-003   32138.883407539335     
   4.5604000000000000E-003   32590.962488915422     
   4.6525000000000004E-003   33044.917417102224     
   4.7464999999999999E-003   33502.624038910435     
   4.8424000000000002E-003   33962.206507529321     
   4.9401999999999996E-003   34423.664822958868     
   5.0400000000000002E-003   34885.123138388430     
   5.1418999999999996E-003   35350.333147439393     
   5.2456999999999998E-003   35815.543156490305     
   5.3517000000000000E-003   36282.629012351928     
   5.4597999999999999E-003   36751.590715024271     
   5.5700999999999997E-003   37220.552417696585     
   5.6826000000000003E-003   37691.389967179559     
   5.7974000000000003E-003   38160.351669851931     
   5.9144999999999996E-003   38631.189219334941     
   6.0340000000000003E-003   39102.026768817923     
   6.1558999999999997E-003   39570.988471490258     
   6.2802999999999999E-003   40041.826020973203     
   6.4072000000000000E-003   40508.911876834893     
   6.5366000000000000E-003   40975.997732696487     
   6.6686000000000002E-003   41443.083588558169     
   6.8033000000000000E-003   41906.417750798362     
   6.9407999999999996E-003   42367.876066227975     
   7.0809999999999996E-003   42827.458534846788     
   7.2240000000000004E-003   43285.165156655035     
   7.3699999999999998E-003   43739.120084841823     
   7.5189000000000002E-003   44189.323319407231     
   7.6708000000000002E-003   44633.899013540591     
   7.8256999999999997E-003   45076.598860863225     
   7.9837999999999992E-003   45513.671167753884     
   8.1451000000000006E-003   45946.991781023055     
   8.3096000000000003E-003   46374.684853860243     
   8.4775000000000007E-003   46794.874539454613     
   8.6487999999999999E-003   47209.436684616951     
   8.8234999999999997E-003   47618.371289347204     
   9.0016999999999996E-003   48019.802506834734     
   9.1836000000000001E-003   48411.854490268772     
   9.3691000000000000E-003   48798.278933270776     
   9.5583000000000005E-003   49173.448295408620     
   9.7514000000000003E-003   49541.114270303762     
   9.9483999999999996E-003   49899.401011145339     
   1.0149000000000000E-002   50246.432671122915     
   1.0354000000000000E-002   50584.085097046962     
   1.0564000000000000E-002   50908.606595296187     
   1.0777000000000000E-002   51223.748859491978     
   1.0995000000000000E-002   51523.884349202264     
   1.1217000000000000E-002   51812.764758048477     
   1.1443000000000000E-002   52088.514239219796     
   1.1675000000000000E-002   52349.256945905610     
   1.1910000000000000E-002   52594.992878105848     
   1.2151000000000000E-002   52827.597882631300     
   1.2397000000000000E-002   53041.444419049905     
   1.2647000000000000E-002   53240.284180982948     
   1.2902000000000000E-002   53422.241321619804     
   1.3162999999999999E-002   53587.315840960451     
   1.3429000000000000E-002   53733.631892194251     
   1.3700000000000000E-002   53861.189475321160     
   1.3977000000000000E-002   53968.112743530415     
   1.4259000000000001E-002   54056.277543632787     
   1.4546999999999999E-002   54123.808028817657     
   1.4841000000000000E-002   54170.704199084823     
   1.5141000000000000E-002   54195.090207623849     
   1.5447000000000001E-002   54198.841901245163     
   1.5758999999999999E-002   54178.207586327619     
   1.6077000000000001E-002   54135.063109681745     
   1.6402000000000000E-002   54069.408471307674     
   1.6733999999999999E-002   53979.367824394525     
   1.7072000000000000E-002   53864.941168942503     
   1.7416000000000001E-002   53724.252658140795     
   1.7767999999999999E-002   53559.178138800155     
   1.8127000000000001E-002   53369.717610920517     
   1.8492999999999999E-002   53153.995227691310     
   1.8866999999999998E-002   52912.010989112365     
   1.9248000000000001E-002   52645.640741994474     
   1.9637000000000002E-002   52351.132792716293     
   2.0034000000000000E-002   52032.238834899057     
   2.0438000000000001E-002   51687.083021732302     
   2.0851000000000001E-002   51315.665353215823     
   2.1271999999999999E-002   50919.861676160341     
   2.1701999999999999E-002   50497.796143755288     
   2.2141000000000001E-002   50049.468756000526     
   2.2588000000000000E-002   49578.631206517479     
   2.3043999999999999E-002   49083.407648495522     
   2.3510000000000000E-002   48563.798081934598     
   2.3984999999999999E-002   48021.678353645388     
   2.4469000000000001E-002   47458.924310438662     
   2.4964000000000000E-002   46873.660105503564     
   2.5468000000000001E-002   46269.637432461619     
   2.5982000000000002E-002   45646.856291312790     
   2.6506999999999999E-002   45005.316682057026     
   2.7043000000000001E-002   44346.894451505119     
   2.7588999999999999E-002   43675.341293278369     
   2.8146000000000001E-002   42990.657207376753     
   2.8715000000000001E-002   42292.842193800396     
   2.9295000000000002E-002   41587.523792981206     
   2.9887000000000000E-002   40872.826158108612     
   3.0490000000000000E-002   40150.625135993221     
   3.1106000000000002E-002   39420.920726635093     
   3.1734999999999999E-002   38687.464623655556     
   3.2376000000000002E-002   37948.380980244001     
   3.3029999999999997E-002   37207.421490021741     
   3.3696999999999998E-002   36468.337846610200     
   3.4377999999999999E-002   35731.130050009255     
   3.5071999999999999E-002   34999.549793840495     
   3.5781000000000000E-002   34275.472924914407     
   3.6504000000000002E-002   33564.526983663178     
   3.7241000000000003E-002   32864.836123276102     
   3.7992999999999999E-002   32183.903730995895     
   3.8760999999999997E-002   31517.978113201163     
   3.9544000000000003E-002   30870.810963513406     
   4.0342999999999997E-002   30244.278128743168     
   4.1158000000000000E-002   29638.379608890518     
   4.1988999999999999E-002   29054.991250766157     
   4.2838000000000001E-002   28492.237207559407     
   4.3702999999999999E-002   27953.869172891544     
   4.4586000000000001E-002   27438.011299952013     
   4.5485999999999999E-002   26944.663588740739     
   4.6405000000000002E-002   26473.826039257725     
   4.7343000000000003E-002   26023.622804692302     
   4.8299000000000002E-002   25595.929731855129     
   4.9274999999999999E-002   25186.995127124901     
   5.0270000000000002E-002   24798.694837312200     
   5.1285999999999998E-002   24427.277168795725     
   5.2322000000000000E-002   24074.617968386137     
   5.3379000000000003E-002   23736.965542462072     
   5.4456999999999998E-002   23410.568197402154     
   5.5557000000000002E-002   23095.425933206334     
   5.6680000000000001E-002   22789.662903064000     
   5.7825000000000001E-002   22489.527413353717     
   5.8992999999999997E-002   22189.391923643423     
   6.0184000000000001E-002   21885.504740311782     
   6.1400000000000003E-002   21575.990016548039     
   6.2641000000000002E-002   21253.344365109464     
   6.3906000000000004E-002   20915.691939185417     
   6.5197000000000005E-002   20561.156891965140     
   6.6514000000000004E-002   20184.111683016596     
   6.7858000000000002E-002   19786.432159150470     
   6.9228999999999999E-002   19366.242473556074     
   7.0626999999999995E-002   18923.542626233393     
   7.2054000000000007E-002   18462.459480165973     
   7.3510000000000006E-002   17979.991680456696     
   7.4994000000000005E-002   17477.264735191977     
   7.6508999999999994E-002   16954.841398415010     
   7.8054999999999999E-002   16415.535440341846     
   7.9631999999999994E-002   15862.160631188495     
   8.1240999999999994E-002   15298.281079895292     
   8.2881999999999997E-002   14731.212589023928     
   8.4556000000000006E-002   14167.895791773959     
   8.6263999999999993E-002   13615.271321344879     
   8.8007000000000002E-002   13080.467395617376     
   8.9785000000000004E-002   12569.861893747751     
   9.1597999999999999E-002   12088.332017443827     
   9.3449000000000004E-002   11639.629460326945     
   9.5337000000000005E-002   11226.380407932089     
   9.7263000000000002E-002   10849.710368345693     
   9.9226999999999996E-002   10509.806926248790     
  0.10123000000000000        10206.107327598205     
  0.10328000000000000        9936.7357255832121     
  0.10536000000000000        9699.6286887121059     
  0.10749000000000000        9491.2221080445197     
  0.10965999999999999        9307.7642899591046     
  0.11187999999999999        9142.8773552995281     
  0.11414000000000001        8989.8082555472738     
  0.11644000000000000        8840.1156800542794     
  0.11880000000000000        8685.1707334913353     
  0.12120000000000000        8517.8451979778583     
  0.12365000000000000        8332.1363637196118     
  0.12614000000000000        8124.8552911384495     
  0.12869000000000000        7894.3137181047350     
  0.13128999999999999        7641.0743986616917     
  0.13394000000000000        7366.6380102578451     
  0.13664999999999999        7075.3190005578053     
  0.13941000000000001        6772.7449099936257     
  0.14223000000000000        6466.4191258080646     
  0.14510000000000001        6164.2202046060220     
  0.14802999999999999        5875.1522110788101     
  0.15101999999999999        5606.5309477880992     
  0.15407000000000001        5365.1094632523918     
  0.15717999999999999        5154.0766970498489     
  0.16036000000000000        4973.9954032236801     
  0.16360000000000000        4823.1773196442618     
  0.16689999999999999        4696.9328292848732     
  0.17027999999999999        4589.0716376702403     
  0.17371000000000000        4491.9027728765368     
  0.17721999999999999        4396.9849242556575     
  0.18079999999999999        4297.0022892459183     
  0.18446000000000001        4186.1397427341863     
  0.18817999999999999        4059.8952523747971     
  0.19198000000000001        3916.5805560381345     
  0.19586000000000001        3758.8218392591666     
  0.19982000000000000        3591.6838884267540     
  0.20386000000000001        3422.2949214215128     
  0.20796999999999999        3258.5334948483383     
  0.21218000000000001        3106.4023185014375     
  0.21646000000000001        2970.5910094075339     
  0.22083000000000000        2854.6636765069379     
  0.22530000000000000        2756.9320576700279     
  0.22985000000000000        2674.9575520429053     
  0.23449000000000000        2601.9871111070934     
  0.23923000000000000        2531.6428557062441     
  0.24406000000000000        2458.2972454082937     
  0.24898999999999999        2377.8234172297234     
  0.25402000000000002        2289.0958630841205     
  0.25914999999999999        2193.2400910578999     
  0.26439000000000001        2094.5705488156441     
  0.26973000000000003        1997.7768533840760     
  0.27517999999999998        1907.7362064709919     
  0.28073999999999999        1827.4874799097054     
  0.28641000000000000        1757.8185293607055     
  0.29219000000000001        1697.2849527797621     
  0.29809999999999998        1641.8161625876796     
  0.30412000000000000        1587.6604651630803     
  0.31025999999999998        1531.5351285872582     
  0.31652999999999998        1472.1458185608349     
  0.32291999999999998        1410.2616322761965     
  0.32945000000000002        1348.0397935656333     
  0.33610000000000001        1288.7067589435308     
  0.34288999999999997        1234.1946506249008     
  0.34982000000000002        1185.2725658021250     
  0.35688999999999999        1140.9650641336441     
  0.36409000000000002        1099.0023709785253     
  0.37145000000000000        1057.5836733985054     
  0.37895000000000001        1015.4146370942108     
  0.38661000000000001        972.75788061913670     
  0.39441999999999999        930.85146286833833     
  0.40239000000000003        890.97095967308485     
  0.41052000000000000        854.18560371546766     
  0.41881000000000002        819.98891635660232     
  0.42726999999999998        787.16159716954019     
  0.43590000000000001        755.29095985592949     
  0.44470999999999999        724.41452135198358     
  0.45368999999999998        694.53228165770383     
  0.46285999999999999        665.66299924119585     
  0.47221000000000002        637.80667410246019     
  0.48174000000000000        610.96330624149653     
  0.49147999999999997        585.13289565830507     
  0.50141000000000002        560.29668388477944     
