   1.0202000000000000E-004   437.32398592821210     
   1.0408000000000001E-004   445.79846506890624     
   1.0618000000000000E-004   454.45948934791761     
   1.0833000000000000E-004   463.29817566342138     
   1.1052000000000001E-004   472.27010850629466     
   1.1275000000000000E-004   481.46411889478367     
   1.1503000000000000E-004   490.79137581064202     
   1.1735000000000001E-004   500.34071027211604     
   1.1972000000000000E-004   510.02329126095952     
   1.2213999999999999E-004   519.92794979541861     
   1.2460999999999999E-004   530.01027036637026     
   1.2711999999999999E-004   540.31466848293746     
   1.2968999999999999E-004   550.79672863599740     
   1.3231000000000001E-004   561.50086633467299     
   1.3499000000000001E-004   572.38266606984098     
   1.3771000000000001E-004   583.48654335062486     
   1.4049000000000001E-004   594.81249817702417     
   1.4333000000000000E-004   606.36053054903925     
   1.4622999999999999E-004   618.13064046667000     
   1.4918000000000000E-004   630.12282792991653     
   1.5220000000000001E-004   642.33709293877860     
   1.5527000000000000E-004   654.81785100237960     
   1.5841000000000000E-004   667.52068661159615     
   1.6160999999999999E-004   680.44559976642847     
   1.6487000000000001E-004   693.63700597599961     
   1.6820000000000000E-004   707.09490524030957     
   1.7160000000000000E-004   720.81929755935823     
   1.7506999999999999E-004   734.81018293314582     
   1.7860000000000000E-004   749.02314585254896     
   1.8221000000000001E-004   763.54701733581419     
   1.8589000000000000E-004   778.38179738294127     
   1.8965000000000000E-004   793.48307048480717     
   1.9348000000000000E-004   808.80642113228873     
   1.9739000000000001E-004   824.52951136187858     
   2.0138000000000000E-004   840.51909464620724     
   2.0544000000000001E-004   856.77517098527460     
   2.0959000000000000E-004   873.38657139732709     
   2.1383000000000000E-004   890.30888037324166     
   2.1814999999999999E-004   907.54209791301787     
   2.2254999999999999E-004   925.17505503490258     
   2.2704999999999999E-004   943.03008970240296     
   2.3164000000000000E-004   961.28486395201128     
   2.3631999999999999E-004   979.93937778372810     
   2.4109000000000001E-004   998.90480017930668     
   2.4595999999999998E-004   1018.2255466478704     
   2.5093000000000001E-004   1037.9904482076656     
   2.5599999999999999E-004   1058.0662583313226     
   2.6117000000000002E-004   1078.5418080370878     
   2.6645000000000000E-004   1099.4170973249611     
   2.7182999999999998E-004   1120.6477106858197     
   2.7732000000000001E-004   1142.3224791379096     
   2.8291999999999998E-004   1164.3969871721076     
   2.8864000000000000E-004   1186.9156502975370     
   2.9447000000000002E-004   1209.8340530050748     
   3.0041999999999997E-004   1233.2410263129671     
   3.0648999999999997E-004   1257.0921547120902     
   3.1268000000000002E-004   1281.3874382024453     
   3.1899000000000001E-004   1306.1268767840313     
   3.2543999999999997E-004   1331.3548859659720     
   3.3200999999999999E-004   1357.0270502391445     
   3.3871999999999998E-004   1383.1877851126706     
   3.4556000000000002E-004   1409.9259216047983     
   3.5253999999999998E-004   1437.1082131881567     
   3.5965999999999998E-004   1464.8679063901161     
   3.6693000000000001E-004   1493.0717546833068     
   3.7434000000000002E-004   1521.8530045950984     
   3.8190000000000001E-004   1551.2116561254909     
   3.8962000000000003E-004   1581.0588782562374     
   3.9749000000000002E-004   1611.5279175147080     
   4.0551999999999998E-004   1642.5743583917797     
   4.1371000000000002E-004   1674.1982008874518     
   4.2206999999999998E-004   1706.3550294926015     
   4.3060000000000000E-004   1739.1780907345981     
   4.3929000000000000E-004   1772.7118001225649     
   4.4817000000000001E-004   1806.6896646017635     
   4.5721999999999999E-004   1841.4670082451780     
   4.6645999999999998E-004   1876.8217535071935     
   4.7587999999999998E-004   1912.8871469151791     
   4.8549999999999998E-004   1949.5299419417659     
   4.9529999999999995E-004   1986.9278006234451     
   5.0531000000000003E-004   2025.0363074510954     
   5.1552000000000000E-004   2063.8554624247149     
   5.2592999999999997E-004   2103.3852655443052     
   5.3656000000000005E-004   2143.6257168098650     
   5.4739000000000003E-004   2184.6656472396426     
   5.5845000000000005E-004   2226.3718103062661     
   5.6972999999999995E-004   2268.9218680462291     
   5.8124000000000001E-004   2312.3158204595325     
   5.9299000000000005E-004   2356.4204210188054     
   6.0495999999999998E-004   2401.4133317605415     
   6.1718999999999999E-004   2447.2057216664930     
   6.2965000000000004E-004   2493.8420062457849     
   6.4236999999999996E-004   2541.2777699892931     
   6.5534999999999996E-004   2589.6462594243872     
   6.6859000000000005E-004   2638.9030590419438     
   6.8210000000000005E-004   2689.0037533328405     
   6.9587999999999996E-004   2740.0815888244456     
   7.0993000000000000E-004   2792.0921500076365     
   7.2426999999999995E-004   2845.0798523915364     
   7.3890999999999996E-004   2898.9114494487762     
   7.5383000000000004E-004   2953.8534342340945     
   7.6906000000000001E-004   3009.6393136927513     
   7.8459999999999999E-004   3066.5799963886116     
   8.0044999999999997E-004   3124.4534047760571     
   8.1662000000000000E-004   3183.4372008915793     
   8.3310999999999997E-004   3243.4425537169350     
   8.4993999999999998E-004   3304.4694632521223     
   8.6711000000000004E-004   3366.6067605153889     
   8.8462999999999996E-004   3429.8100299976099     
   9.0249999999999998E-004   3494.2569337352784     
   9.2073000000000003E-004   3559.8142252010261     
   9.3933000000000005E-004   3626.4374888857274     
   9.5830999999999998E-004   3694.2599713167560     
   9.7766999999999993E-004   3763.2816724941072     
   9.9741999999999995E-004   3833.5470079269071     
   1.0176000000000000E-003   3905.0115621060304     
   1.0380999999999999E-003   3977.7641660497256     
   1.0591000000000001E-003   4051.6715732306229     
   1.0805000000000001E-003   4126.9114456852149     
   1.1023000000000001E-003   4203.4393679043760     
   1.1245999999999999E-003   4281.2997553972309     
   1.1473000000000000E-003   4360.4481926546578     
   1.1705000000000001E-003   4441.0179262040238     
   1.1941000000000000E-003   4522.8312940088381     
   1.2182000000000000E-003   4606.3324511603341     
   1.2428999999999999E-003   4690.7219184942896     
   1.2680000000000000E-003   4776.8880061931723     
   1.2936000000000000E-003   4864.3865591657468     
   1.3197000000000000E-003   4953.2175774120169     
   1.3464000000000000E-003   5043.8252160232132     
   1.3736000000000000E-003   5135.7653199081033     
   1.4013000000000001E-003   5229.0378890666861     
   1.4296000000000001E-003   5324.0870785901943     
   1.4584999999999999E-003   5420.4687333873990     
   1.4880000000000000E-003   5518.6270085495271     
   1.5180000000000000E-003   5618.1177489853490     
   1.5487000000000001E-003   5719.3851097860979     
   1.5800000000000000E-003   5821.9849358605379     
   1.6119000000000001E-003   5926.3613822999059     
   1.6444999999999999E-003   6032.5144491041974     
   1.6777000000000001E-003   6139.9999811821863     
   1.7116000000000000E-003   6249.2621336250986     
   1.7462000000000001E-003   6360.3009064329362     
   1.7814000000000000E-003   6473.1162996056983     
   1.8174000000000000E-003   6587.2641580521549     
   1.8541000000000000E-003   6703.1886368635387     
   1.8916000000000000E-003   6820.8897360398460     
   1.9298000000000000E-003   6940.8116106723091     
   1.9688000000000002E-003   7062.0659505784706     
   2.0086000000000001E-003   7185.0969108495547     
   2.0490999999999999E-003   7309.9044914855613     
   2.0904999999999999E-003   7436.4886924864950     
   2.1327999999999998E-003   7564.8495138523558     
   2.1757999999999999E-003   7694.9869555831438     
   2.2198000000000001E-003   7826.9010176788533     
   2.2645999999999999E-003   7960.5917001394891     
   2.3104000000000002E-003   8096.0590029650530     
   2.3571000000000000E-003   8233.3029261555384     
   2.4047000000000001E-003   8372.7676248021817     
   2.4532999999999998E-003   8513.1206336312898     
   2.5027999999999999E-003   8656.5827280990143     
   2.5533999999999999E-003   8800.9331327492055     
   2.6050000000000001E-003   8947.5043128555481     
   2.6576000000000000E-003   9095.8521133268205     
   2.7112999999999998E-003   9245.5323790717848     
   2.7659999999999998E-003   9397.8775753641403     
   2.8219000000000000E-003   9551.1110818389570     
   2.8789000000000002E-003   9707.0095188611613     
   2.9371000000000002E-003   9864.2404211570556     
   2.9964000000000002E-003   10023.247943817880     
   3.0569000000000000E-003   10183.587931752396     
   3.1186999999999999E-003   10346.592850234303     
   3.1817000000000000E-003   10510.930233989900     
   3.2460000000000002E-003   10677.044238110429     
   3.3115000000000002E-003   10844.490707504649     
   3.3784000000000002E-003   11013.713797263790     
   3.4467000000000000E-003   11184.713507387862     
   3.5163000000000000E-003   11357.489837876856     
   3.5874000000000001E-003   11531.598633639549     
   3.6597999999999999E-003   11707.928204858392     
   3.7337999999999998E-003   11885.146086259701     
   3.8092000000000000E-003   12063.696432934705     
   3.8861000000000000E-003   12244.023399974631     
   3.9646000000000004E-003   12425.682832288254     
   4.0447000000000000E-003   12609.118884966801     
   4.1263999999999997E-003   12793.443247827816     
   4.2097999999999997E-003   12979.100075962519     
   4.2947999999999997E-003   13166.533524462149     
   4.3816000000000003E-003   13354.411128053007     
   4.4701000000000003E-003   13544.509507100027     
   4.5604000000000000E-003   13734.607886147045     
   4.6525000000000004E-003   13926.038730467753     
   4.7464999999999999E-003   14118.802040062161     
   4.8424000000000002E-003   14312.897814930266     
   4.9401999999999996E-003   14506.993589798365     
   5.0400000000000002E-003   14701.533519757697     
   5.1418999999999996E-003   14897.850070081950     
   5.2456999999999998E-003   15093.722465314973     
   5.3517000000000000E-003   15290.483170730464     
   5.4597999999999999E-003   15488.132186328416     
   5.5700999999999997E-003   15685.781201926366     
   5.6826000000000003E-003   15884.318527706777     
   5.7974000000000003E-003   16081.967543304729     
   5.9144999999999996E-003   16280.504869085144     
   6.0340000000000003E-003   16478.598039774326     
   6.1558999999999997E-003   16676.247055372274     
   6.2802999999999999E-003   16874.784381152687     
   6.4072000000000000E-003   17071.545086568178     
   6.5366000000000000E-003   17268.305791983665     
   6.6686000000000002E-003   17465.510652490386     
   6.8033000000000000E-003   17660.494737540950     
   6.9407999999999996E-003   17855.034667500284     
   7.0809999999999996E-003   18048.686287277153     
   7.2240000000000004E-003   18241.893751962787     
   7.3699999999999998E-003   18432.880441192261     
   7.5189000000000002E-003   18622.534665148050     
   7.6708000000000002E-003   18809.968113647683     
   7.8256999999999997E-003   18996.513251964850     
   7.9837999999999992E-003   19180.837614825861     
   8.1451000000000006E-003   19363.385357321938     
   8.3096000000000003E-003   19543.712324361873     
   8.4775000000000007E-003   19720.930205763187     
   8.6487999999999999E-003   19895.483156617101     
   8.8234999999999997E-003   20067.815332014863     
   9.0016999999999996E-003   20237.038421774010     
   9.1836000000000001E-003   20402.264115712074     
   9.3691000000000000E-003   20565.269034193974     
   9.5583000000000005E-003   20723.388246672337     
   9.7514000000000003E-003   20877.954218420851     
   9.9483999999999996E-003   21028.966949439502     
   1.0149000000000000E-002   21175.538129545854     
   1.0354000000000000E-002   21317.667758739884     
   1.0564000000000000E-002   21454.467526839140     
   1.0777000000000000E-002   21587.269899117313     
   1.0995000000000000E-002   21713.854100118249     
   1.1217000000000000E-002   21835.552595115638     
   1.1443000000000000E-002   21951.477073927017     
   1.1675000000000000E-002   22061.627536552398     
   1.1910000000000000E-002   22165.115672809305     
   1.2151000000000000E-002   22263.273947971426     
   1.2397000000000000E-002   22353.437431491398     
   1.2647000000000000E-002   22436.938588642890     
   1.2902000000000000E-002   22513.777419425911     
   1.3162999999999999E-002   22583.509768749231     
   1.3429000000000000E-002   22644.803171339161     
   1.3700000000000000E-002   22698.545937378149     
   1.3977000000000000E-002   22743.849756683747     
   1.4259000000000001E-002   22781.158784347179     
   1.4546999999999999E-002   22809.584710185980     
   1.4841000000000000E-002   22829.127534200172     
   1.5141000000000000E-002   22839.343101298484     
   1.5447000000000001E-002   22841.119721663414     
   1.5758999999999999E-002   22832.236619838790     
   1.6077000000000001E-002   22814.026261098308     
   1.6402000000000000E-002   22786.488645441954     
   1.6733999999999999E-002   22748.735462687302     
   1.7072000000000000E-002   22700.322557743075     
   1.7416000000000001E-002   22640.805775518078     
   1.7767999999999999E-002   22571.517581285985     
   1.8127000000000001E-002   22491.569664864342     
   1.8492999999999999E-002   22400.517871161923     
   1.8866999999999998E-002   22298.806355269939     
   1.9248000000000001E-002   22186.435117188405     
   1.9637000000000002E-002   22062.515846734859     
   2.0034000000000000E-002   21927.936854091757     
   2.0438000000000001E-002   21782.698139259104     
   2.0851000000000001E-002   21625.911392054437     
   2.1271999999999999E-002   21459.353232842681     
   2.1701999999999999E-002   21281.247041258910     
   2.2141000000000001E-002   21092.481127485589     
   2.2588000000000000E-002   20893.943801705180     
   2.3043999999999999E-002   20685.190908826447     
   2.3510000000000000E-002   20466.222448849388     
   2.3984999999999999E-002   20237.926731956471     
   2.4469000000000001E-002   20000.747913238931     
   2.4964000000000000E-002   19753.797682514305     
   2.5468000000000001E-002   19499.296815238733     
   2.5982000000000002E-002   19236.801156321006     
   2.6506999999999999E-002   18966.754860852350     
   2.7043000000000001E-002   18689.157928832756     
   2.7588999999999999E-002   18406.231135718383     
   2.8146000000000001E-002   18117.530326418004     
   2.8715000000000001E-002   17823.499656022850     
   2.9295000000000002E-002   17526.359899989082     
   2.9887000000000000E-002   17225.222748134220     
   3.0490000000000000E-002   16920.532355549516     
   3.1106000000000002E-002   16613.177032417425     
   3.1734999999999999E-002   16304.045088920400     
   3.2376000000000002E-002   15992.692369967226     
   3.3029999999999997E-002   15680.451340831587     
   3.3696999999999998E-002   15368.654466787182     
   3.4377999999999999E-002   15058.190058016469     
   3.5071999999999999E-002   14749.946424701915     
   3.5781000000000000E-002   14444.811877025968     
   3.6504000000000002E-002   14145.007190444812     
   3.7241000000000003E-002   13850.088209867192     
   3.7992999999999999E-002   13563.164020931741     
   3.8760999999999997E-002   13282.458003273532     
   3.9544000000000003E-002   13009.746777257478     
   4.0342999999999997E-002   12745.918653066055     
   4.1158000000000000E-002   12490.529475608031     
   4.1988999999999999E-002   12244.467555065865     
   4.2838000000000001E-002   12007.288736348322     
   4.3702999999999999E-002   11780.769639820333     
   4.4586000000000001E-002   11563.133645116968     
   4.5485999999999999E-002   11355.269062420701     
   4.6405000000000002E-002   11156.731736640288     
   4.7343000000000003E-002   10967.077512684500     
   4.8299000000000002E-002   10786.750545644572     
   4.9274999999999999E-002   10614.418370246805     
   5.0270000000000002E-002   10450.969296673669     
   5.1285999999999998E-002   10294.182549469006     
   5.2322000000000000E-002   10145.834748997733     
   5.3379000000000003E-002   10003.260964712470     
   5.4456999999999998E-002   9866.0170415219818     
   5.5557000000000002E-002   9733.2146692438091     
   5.6680000000000001E-002   9604.4096927867176     
   5.7825000000000001E-002   9477.8254917857812     
   5.8992999999999997E-002   9351.2412907848484     
   6.0184000000000001E-002   9223.3246245102182     
   6.1400000000000003E-002   9092.7430276882023     
   6.2641000000000002E-002   8956.8315697714079     
   6.3906000000000004E-002   8814.7019405773754     
   6.5197000000000005E-002   8665.0216748324092     
   6.6514000000000004E-002   8506.0141521715868     
   6.7858000000000002E-002   8338.5676827773714     
   6.9228999999999999E-002   8161.3498013760591     
   7.0626999999999995E-002   7974.8046630588924     
   7.2054000000000007E-002   7780.7088881907948     
   7.3510000000000006E-002   7577.2858564068329     
   7.4994000000000005E-002   7365.4238778894814     
   7.6508999999999994E-002   7145.1229526387315     
   7.8054999999999999E-002   6918.1597010195101     
   7.9631999999999994E-002   6684.9782781230533     
   8.1240999999999994E-002   6447.3553043142783     
   8.2881999999999997E-002   6207.9557101405844     
   8.4556000000000006E-002   5970.7768914230401     
   8.6263999999999993E-002   5738.0396236178140     
   8.8007000000000002E-002   5512.4088372722881     
   8.9785000000000004E-002   5297.4377731163149     
   9.1597999999999999E-002   5094.4588964235863     
   9.3449000000000004E-002   4905.2488275590331     
   9.5337000000000005E-002   4731.1400317963426     
   9.7263000000000002E-002   4572.5766642267508     
   9.9226999999999996E-002   4429.1589852681464     
  0.10123000000000000        4301.1534879752726     
  0.10328000000000000        4187.6274466565392     
  0.10536000000000000        4087.7369666386080     
  0.10749000000000000        3999.8830895930464     
  0.10965999999999999        3922.5556882096703     
  0.11187999999999999        3853.0898319410858     
  0.11414000000000001        3788.5985126942933     
  0.11644000000000000        3725.4840742303204     
  0.11880000000000000        3660.1932758193111     
  0.12120000000000000        3589.6614473317723     
  0.12365000000000000        3511.4013202568080     
  0.12614000000000000        3424.0804293207248     
  0.12869000000000000        3326.8992953593061     
  0.13128999999999999        3220.1688269364122     
  0.13394000000000000        3104.5108411797687     
  0.13664999999999999        2981.7463739634231     
  0.13941000000000001        2854.2294472709027     
  0.14223000000000000        2725.1579777590719     
  0.14510000000000001        2597.7742975939204     
  0.14802999999999999        2475.9869715782852     
  0.15101999999999999        2362.7718388234143     
  0.15407000000000001        2261.0159074223116     
  0.15717999999999999        2172.0960581577951     
  0.16036000000000000        2096.1899530663572     
  0.16360000000000000        2032.6313595111510     
  0.16689999999999999        1979.4215795816353     
  0.17027999999999999        1933.9845137486684     
