    0.10000E-03    0.54267E+03
    0.10202E-03    0.55320E+03
    0.10408E-03    0.56394E+03
    0.10618E-03    0.57489E+03
    0.10833E-03    0.58605E+03
    0.11052E-03    0.59743E+03
    0.11275E-03    0.60903E+03
    0.11503E-03    0.62085E+03
    0.11735E-03    0.63290E+03
    0.11972E-03    0.64518E+03
    0.12214E-03    0.65771E+03
    0.12461E-03    0.67047E+03
    0.12712E-03    0.68348E+03
    0.12969E-03    0.69675E+03
    0.13231E-03    0.71027E+03
    0.13499E-03    0.72405E+03
    0.13771E-03    0.73810E+03
    0.14049E-03    0.75242E+03
    0.14333E-03    0.76702E+03
    0.14623E-03    0.78190E+03
    0.14918E-03    0.79707E+03
    0.15220E-03    0.81254E+03
    0.15527E-03    0.82830E+03
    0.15841E-03    0.84437E+03
    0.16161E-03    0.86074E+03
    0.16487E-03    0.87744E+03
    0.16820E-03    0.89446E+03
    0.17160E-03    0.91180E+03
    0.17507E-03    0.92948E+03
    0.17860E-03    0.94750E+03
    0.18221E-03    0.96588E+03
    0.18589E-03    0.98460E+03
    0.18965E-03    0.10037E+04
    0.19348E-03    0.10231E+04
    0.19739E-03    0.10430E+04
    0.20138E-03    0.10632E+04
    0.20544E-03    0.10838E+04
    0.20959E-03    0.11048E+04
    0.21383E-03    0.11262E+04
    0.21815E-03    0.11480E+04
    0.22255E-03    0.11703E+04
    0.22705E-03    0.11929E+04
    0.23164E-03    0.12160E+04
    0.23632E-03    0.12396E+04
    0.24109E-03    0.12636E+04
    0.24596E-03    0.12880E+04
    0.25093E-03    0.13130E+04
    0.25600E-03    0.13384E+04
    0.26117E-03    0.13643E+04
    0.26645E-03    0.13907E+04
    0.27183E-03    0.14176E+04
    0.27732E-03    0.14450E+04
    0.28292E-03    0.14729E+04
    0.28864E-03    0.15014E+04
    0.29447E-03    0.15304E+04
    0.30042E-03    0.15600E+04
    0.30649E-03    0.15902E+04
    0.31268E-03    0.16209E+04
    0.31899E-03    0.16522E+04
    0.32544E-03    0.16841E+04
    0.33201E-03    0.17166E+04
    0.33872E-03    0.17497E+04
    0.34556E-03    0.17835E+04
    0.35254E-03    0.18179E+04
    0.35966E-03    0.18530E+04
    0.36693E-03    0.18887E+04
    0.37434E-03    0.19251E+04
    0.38190E-03    0.19622E+04
    0.38962E-03    0.20000E+04
    0.39749E-03    0.20385E+04
    0.40552E-03    0.20778E+04
    0.41371E-03    0.21178E+04
    0.42207E-03    0.21585E+04
    0.43060E-03    0.22000E+04
    0.43929E-03    0.22424E+04
    0.44817E-03    0.22854E+04
    0.45722E-03    0.23294E+04
    0.46646E-03    0.23741E+04
    0.47588E-03    0.24197E+04
    0.48550E-03    0.24661E+04
    0.49530E-03    0.25134E+04
    0.50531E-03    0.25616E+04
    0.51552E-03    0.26107E+04
    0.52593E-03    0.26607E+04
    0.53656E-03    0.27116E+04
    0.54739E-03    0.27635E+04
    0.55845E-03    0.28163E+04
    0.56973E-03    0.28701E+04
    0.58124E-03    0.29250E+04
    0.59299E-03    0.29808E+04
    0.60496E-03    0.30377E+04
    0.61719E-03    0.30956E+04
    0.62965E-03    0.31546E+04
    0.64237E-03    0.32146E+04
    0.65535E-03    0.32758E+04
    0.66859E-03    0.33381E+04
    0.68210E-03    0.34015E+04
    0.69588E-03    0.34661E+04
    0.70993E-03    0.35319E+04
    0.72427E-03    0.35989E+04
    0.73891E-03    0.36670E+04
    0.75383E-03    0.37365E+04
    0.76906E-03    0.38071E+04
    0.78460E-03    0.38791E+04
    0.80045E-03    0.39523E+04
    0.81662E-03    0.40269E+04
    0.83311E-03    0.41028E+04
    0.84994E-03    0.41800E+04
    0.86711E-03    0.42586E+04
    0.88463E-03    0.43386E+04
    0.90250E-03    0.44201E+04
    0.92073E-03    0.45030E+04
    0.93933E-03    0.45873E+04
    0.95831E-03    0.46731E+04
    0.97767E-03    0.47604E+04
    0.99742E-03    0.48493E+04
    0.10176E-02    0.49397E+04
    0.10381E-02    0.50317E+04
    0.10591E-02    0.51252E+04
    0.10805E-02    0.52204E+04
    0.11023E-02    0.53172E+04
    0.11246E-02    0.54157E+04
    0.11473E-02    0.55158E+04
    0.11705E-02    0.56177E+04
    0.11941E-02    0.57213E+04
    0.12182E-02    0.58266E+04
    0.12429E-02    0.59337E+04
    0.12680E-02    0.60426E+04
    0.12936E-02    0.61533E+04
    0.13197E-02    0.62658E+04
    0.13464E-02    0.63802E+04
    0.13736E-02    0.64964E+04
    0.14013E-02    0.66146E+04
    0.14296E-02    0.67347E+04
    0.14585E-02    0.68567E+04
    0.14880E-02    0.69807E+04
    0.15180E-02    0.71066E+04
    0.15487E-02    0.72346E+04
    0.15800E-02    0.73646E+04
    0.16119E-02    0.74966E+04
    0.16445E-02    0.76307E+04
    0.16777E-02    0.77669E+04
    0.17116E-02    0.79051E+04
    0.17462E-02    0.80455E+04
    0.17814E-02    0.81880E+04
    0.18174E-02    0.83326E+04
    0.18541E-02    0.84795E+04
    0.18916E-02    0.86284E+04
    0.19298E-02    0.87796E+04
    0.19688E-02    0.89330E+04
    0.20086E-02    0.90886E+04
    0.20491E-02    0.92465E+04
    0.20905E-02    0.94066E+04
    0.21328E-02    0.95690E+04
    0.21758E-02    0.97336E+04
    0.22198E-02    0.99005E+04
    0.22646E-02    0.10070E+05
    0.23104E-02    0.10241E+05
    0.23571E-02    0.10415E+05
    0.24047E-02    0.10591E+05
    0.24533E-02    0.10769E+05
    0.25028E-02    0.10950E+05
    0.25534E-02    0.11133E+05
    0.26050E-02    0.11318E+05
    0.26576E-02    0.11506E+05
    0.27113E-02    0.11695E+05
    0.27660E-02    0.11888E+05
    0.28219E-02    0.12082E+05
    0.28789E-02    0.12279E+05
    0.29371E-02    0.12478E+05
    0.29964E-02    0.12679E+05
    0.30569E-02    0.12882E+05
    0.31187E-02    0.13088E+05
    0.31817E-02    0.13296E+05
    0.32460E-02    0.13506E+05
    0.33115E-02    0.13718E+05
    0.33784E-02    0.13932E+05
    0.34467E-02    0.14148E+05
    0.35163E-02    0.14367E+05
    0.35874E-02    0.14587E+05
    0.36598E-02    0.14810E+05
    0.37338E-02    0.15034E+05
    0.38092E-02    0.15260E+05
    0.38861E-02    0.15488E+05
    0.39646E-02    0.15718E+05
    0.40447E-02    0.15950E+05
    0.41264E-02    0.16183E+05
    0.42098E-02    0.16418E+05
    0.42948E-02    0.16655E+05
    0.43816E-02    0.16893E+05
    0.44701E-02    0.17133E+05
    0.45604E-02    0.17374E+05
    0.46525E-02    0.17616E+05
    0.47465E-02    0.17860E+05
    0.48424E-02    0.18105E+05
    0.49402E-02    0.18351E+05
    0.50400E-02    0.18597E+05
    0.51419E-02    0.18845E+05
    0.52457E-02    0.19093E+05
    0.53517E-02    0.19342E+05
    0.54598E-02    0.19592E+05
    0.55701E-02    0.19842E+05
    0.56826E-02    0.20093E+05
    0.57974E-02    0.20343E+05
    0.59145E-02    0.20594E+05
    0.60340E-02    0.20845E+05
    0.61559E-02    0.21095E+05
    0.62803E-02    0.21346E+05
    0.64072E-02    0.21595E+05
    0.65366E-02    0.21844E+05
    0.66686E-02    0.22093E+05
    0.68033E-02    0.22340E+05
    0.69408E-02    0.22586E+05
    0.70810E-02    0.22831E+05
    0.72240E-02    0.23075E+05
    0.73700E-02    0.23317E+05
    0.75189E-02    0.23557E+05
    0.76708E-02    0.23794E+05
    0.78257E-02    0.24030E+05
    0.79838E-02    0.24263E+05
    0.81451E-02    0.24494E+05
    0.83096E-02    0.24722E+05
    0.84775E-02    0.24946E+05
    0.86488E-02    0.25167E+05
    0.88235E-02    0.25385E+05
    0.90017E-02    0.25599E+05
    0.91836E-02    0.25808E+05
    0.93691E-02    0.26014E+05
    0.95583E-02    0.26214E+05
    0.97514E-02    0.26410E+05
    0.99484E-02    0.26601E+05
    0.10149E-01    0.26786E+05
    0.10354E-01    0.26966E+05
    0.10564E-01    0.27139E+05
    0.10777E-01    0.27307E+05
    0.10995E-01    0.27467E+05
    0.11217E-01    0.27621E+05
    0.11443E-01    0.27768E+05
    0.11675E-01    0.27907E+05
    0.11910E-01    0.28038E+05
    0.12151E-01    0.28162E+05
    0.12397E-01    0.28276E+05
    0.12647E-01    0.28382E+05
    0.12902E-01    0.28479E+05
    0.13163E-01    0.28567E+05
    0.13429E-01    0.28645E+05
    0.13700E-01    0.28713E+05
    0.13977E-01    0.28770E+05
    0.14259E-01    0.28817E+05
    0.14547E-01    0.28853E+05
    0.14841E-01    0.28878E+05
    0.15141E-01    0.28891E+05
    0.15447E-01    0.28893E+05
    0.15759E-01    0.28882E+05
    0.16077E-01    0.28859E+05
    0.16402E-01    0.28824E+05
    0.16734E-01    0.28776E+05
    0.17072E-01    0.28715E+05
    0.17416E-01    0.28640E+05
    0.17768E-01    0.28552E+05
    0.18127E-01    0.28451E+05
    0.18493E-01    0.28336E+05
    0.18867E-01    0.28207E+05
    0.19248E-01    0.28065E+05
    0.19637E-01    0.27908E+05
    0.20034E-01    0.27738E+05
    0.20438E-01    0.27554E+05
    0.20851E-01    0.27356E+05
    0.21272E-01    0.27145E+05
    0.21702E-01    0.26920E+05
    0.22141E-01    0.26681E+05
    0.22588E-01    0.26430E+05
    0.23044E-01    0.26166E+05
    0.23510E-01    0.25889E+05
    0.23985E-01    0.25600E+05
    0.24469E-01    0.25300E+05
    0.24964E-01    0.24988E+05
    0.25468E-01    0.24666E+05
    0.25982E-01    0.24334E+05
    0.26507E-01    0.23992E+05
    0.27043E-01    0.23641E+05
    0.27589E-01    0.23283E+05
    0.28146E-01    0.22918E+05
    0.28715E-01    0.22546E+05
    0.29295E-01    0.22170E+05
    0.29887E-01    0.21789E+05
    0.30490E-01    0.21404E+05
    0.31106E-01    0.21015E+05
    0.31735E-01    0.20624E+05
    0.32376E-01    0.20230E+05
    0.33030E-01    0.19835E+05
    0.33697E-01    0.19441E+05
    0.34378E-01    0.19048E+05
    0.35072E-01    0.18658E+05
    0.35781E-01    0.18272E+05
    0.36504E-01    0.17893E+05
    0.37241E-01    0.17520E+05
    0.37993E-01    0.17157E+05
    0.38761E-01    0.16802E+05
    0.39544E-01    0.16457E+05
    0.40343E-01    0.16123E+05
    0.41158E-01    0.15800E+05
    0.41989E-01    0.15489E+05
    0.42838E-01    0.15189E+05
    0.43703E-01    0.14902E+05
    0.44586E-01    0.14627E+05
    0.45486E-01    0.14364E+05
    0.46405E-01    0.14113E+05
    0.47343E-01    0.13873E+05
    0.48299E-01    0.13645E+05
    0.49275E-01    0.13427E+05
    0.50270E-01    0.13220E+05
    0.51286E-01    0.13022E+05
    0.52322E-01    0.12834E+05
    0.53379E-01    0.12654E+05
    0.54457E-01    0.12480E+05
    0.55557E-01    0.12312E+05
    0.56680E-01    0.12149E+05
    0.57825E-01    0.11989E+05
    0.58993E-01    0.11829E+05
    0.60184E-01    0.11667E+05
    0.61400E-01    0.11502E+05
    0.62641E-01    0.11330E+05
    0.63906E-01    0.11150E+05
    0.65197E-01    0.10961E+05
    0.66514E-01    0.10760E+05
    0.67858E-01    0.10548E+05
    0.69229E-01    0.10324E+05
    0.70627E-01    0.10088E+05
    0.72054E-01    0.98422E+04
    0.73510E-01    0.95850E+04
    0.74994E-01    0.93170E+04
    0.76509E-01    0.90385E+04
    0.78055E-01    0.87510E+04
    0.79632E-01    0.84560E+04
    0.81241E-01    0.81554E+04
    0.82882E-01    0.78531E+04
    0.84556E-01    0.75528E+04
    0.86264E-01    0.72582E+04
    0.88007E-01    0.69731E+04
    0.89785E-01    0.67009E+04
    0.91598E-01    0.64442E+04
    0.93449E-01    0.62050E+04
    0.95337E-01    0.59847E+04
    0.97263E-01    0.57839E+04
    0.99227E-01    0.56027E+04
    0.10123E+00    0.54408E+04
    0.10328E+00    0.52972E+04
    0.10536E+00    0.51708E+04
    0.10749E+00    0.50597E+04
    0.10966E+00    0.49619E+04
    0.11188E+00    0.48740E+04
    0.11414E+00    0.47924E+04
    0.11644E+00    0.47126E+04
    0.11880E+00    0.46300E+04
    0.12120E+00    0.45408E+04
    0.12365E+00    0.44418E+04
    0.12614E+00    0.43313E+04
    0.12869E+00    0.42084E+04
    0.13129E+00    0.40734E+04
    0.13394E+00    0.39271E+04
    0.13665E+00    0.37718E+04
    0.13941E+00    0.36105E+04
    0.14223E+00    0.34472E+04
    0.14510E+00    0.32861E+04
    0.14803E+00    0.31320E+04
    0.15102E+00    0.29888E+04
    0.15407E+00    0.28601E+04
    0.15718E+00    0.27476E+04
    0.16036E+00    0.26516E+04
    0.16360E+00    0.25712E+04
    0.16690E+00    0.25039E+04
    0.17028E+00    0.24464E+04
    0.17371E+00    0.23946E+04
    0.17722E+00    0.23440E+04
    0.18080E+00    0.22907E+04
    0.18446E+00    0.22316E+04
    0.18818E+00    0.21643E+04
    0.19198E+00    0.20879E+04
    0.19586E+00    0.20038E+04
    0.19982E+00    0.19147E+04
    0.20386E+00    0.18244E+04
    0.20797E+00    0.17371E+04
    0.21218E+00    0.16560E+04
    0.21646E+00    0.15836E+04
    0.22083E+00    0.15218E+04
    0.22530E+00    0.14697E+04
    0.22985E+00    0.14260E+04
    0.23449E+00    0.13871E+04
    0.23923E+00    0.13496E+04
    0.24406E+00    0.13105E+04
    0.24899E+00    0.12676E+04
    0.25402E+00    0.12203E+04
    0.25915E+00    0.11692E+04
    0.26439E+00    0.11166E+04
    0.26973E+00    0.10650E+04
    0.27518E+00    0.10170E+04
    0.28074E+00    0.97422E+03
    0.28641E+00    0.93708E+03
    0.29219E+00    0.90481E+03
    0.29810E+00    0.87524E+03
    0.30412E+00    0.84637E+03
    0.31026E+00    0.81645E+03
    0.31653E+00    0.78479E+03
    0.32292E+00    0.75180E+03
    0.32945E+00    0.71863E+03
    0.33610E+00    0.68700E+03
    0.34289E+00    0.65794E+03
    0.34982E+00    0.63186E+03
    0.35689E+00    0.60824E+03
    0.36409E+00    0.58587E+03
    0.37145E+00    0.56379E+03
    0.37895E+00    0.54131E+03
    0.38661E+00    0.51857E+03
    0.39442E+00    0.49623E+03
    0.40239E+00    0.47497E+03
    0.41052E+00    0.45536E+03
    0.41881E+00    0.43713E+03
    0.42727E+00    0.41963E+03
    0.43590E+00    0.40264E+03
    0.44471E+00    0.38618E+03
    0.45369E+00    0.37025E+03
    0.46286E+00    0.35486E+03
    0.47221E+00    0.34001E+03
    0.48174E+00    0.32570E+03
    0.49148E+00    0.31193E+03
    0.50141E+00    0.29869E+03
    0.51153E+00    0.28597E+03
    0.52187E+00    0.27378E+03
    0.53241E+00    0.26209E+03
    0.54317E+00    0.25090E+03
    0.55414E+00    0.24017E+03
    0.56533E+00    0.22990E+03
    0.57675E+00    0.22005E+03
    0.58840E+00    0.21060E+03
    0.60029E+00    0.20155E+03
    0.61242E+00    0.19287E+03
    0.62479E+00    0.18455E+03
    0.63741E+00    0.17657E+03
    0.65029E+00    0.16891E+03
    0.66342E+00    0.16157E+03
    0.67683E+00    0.15452E+03
    0.69050E+00    0.14777E+03
    0.70445E+00    0.14129E+03
    0.71868E+00    0.13509E+03
    0.73320E+00    0.12914E+03
    0.74801E+00    0.12344E+03
    0.76312E+00    0.11798E+03
    0.77854E+00    0.11275E+03
    0.79426E+00    0.10774E+03
    0.81031E+00    0.10295E+03
    0.82668E+00    0.98355E+02
    0.84338E+00    0.93962E+02
    0.86041E+00    0.89757E+02
    0.87780E+00    0.85733E+02
    0.89553E+00    0.81883E+02
    0.91362E+00    0.78199E+02
    0.93208E+00    0.74674E+02
    0.95091E+00    0.71302E+02
    0.97011E+00    0.68077E+02
    0.98971E+00    0.64992E+02
    0.10097E+01    0.62042E+02
    0.10301E+01    0.59221E+02
    0.10509E+01    0.56523E+02
    0.10721E+01    0.53944E+02
    0.10938E+01    0.51478E+02
    0.11159E+01    0.49121E+02
    0.11384E+01    0.46868E+02
    0.11614E+01    0.44715E+02
    0.11849E+01    0.42657E+02
    0.12088E+01    0.40691E+02
    0.12333E+01    0.38813E+02
    0.12582E+01    0.37018E+02
    0.12836E+01    0.35304E+02
    0.13095E+01    0.33667E+02
    0.13360E+01    0.32104E+02
    0.13630E+01    0.30610E+02
    0.13905E+01    0.29185E+02
    0.14186E+01    0.27823E+02
    0.14472E+01    0.26524E+02
    0.14765E+01    0.25283E+02
    0.15063E+01    0.24098E+02
    0.15367E+01    0.22968E+02
    0.15678E+01    0.21889E+02
    0.15994E+01    0.20859E+02
    0.16318E+01    0.19877E+02
    0.16647E+01    0.18939E+02
    0.16984E+01    0.18045E+02
    0.17327E+01    0.17191E+02
    0.17677E+01    0.16377E+02
    0.18034E+01    0.15601E+02
    0.18398E+01    0.14860E+02
    0.18770E+01    0.14154E+02
    0.19149E+01    0.13480E+02
    0.19536E+01    0.12838E+02
    0.19930E+01    0.12225E+02
    0.20333E+01    0.11641E+02
    0.20744E+01    0.11084E+02
    0.21163E+01    0.10554E+02
    0.21590E+01    0.10048E+02
    0.22026E+01    0.95653E+01
    0.22471E+01    0.91057E+01
    0.22925E+01    0.86676E+01
    0.23388E+01    0.82501E+01
    0.23861E+01    0.78523E+01
    0.24343E+01    0.74733E+01
    0.24835E+01    0.71122E+01
    0.25336E+01    0.67681E+01
    0.25848E+01    0.64403E+01
    0.26370E+01    0.61281E+01
    0.26903E+01    0.58307E+01
    0.27447E+01    0.55474E+01
    0.28001E+01    0.52776E+01
    0.28567E+01    0.50207E+01
    0.29144E+01    0.47760E+01
    0.29733E+01    0.45430E+01
    0.30333E+01    0.43212E+01
    0.30946E+01    0.41100E+01
    0.31571E+01    0.39089E+01
    0.32209E+01    0.37174E+01
    0.32860E+01    0.35352E+01
    0.33523E+01    0.33617E+01
    0.34201E+01    0.31966E+01
    0.34892E+01    0.30395E+01
    0.35596E+01    0.28899E+01
    0.36316E+01    0.27476E+01
    0.37049E+01    0.26121E+01
    0.37798E+01    0.24832E+01
    0.38561E+01    0.23606E+01
    0.39340E+01    0.22439E+01
    0.40135E+01    0.21329E+01
    0.40946E+01    0.20273E+01
    0.41773E+01    0.19268E+01
    0.42617E+01    0.18312E+01
    0.43478E+01    0.17403E+01
    0.44356E+01    0.16538E+01
    0.45252E+01    0.15716E+01
    0.46166E+01    0.14934E+01
    0.47099E+01    0.14190E+01
    0.48050E+01    0.13483E+01
    0.49021E+01    0.12810E+01
    0.50011E+01    0.12170E+01
    0.51021E+01    0.11562E+01
    0.52052E+01    0.10984E+01
    0.53104E+01    0.10434E+01
    0.54176E+01    0.99116E+00
    0.55271E+01    0.94147E+00
    0.56387E+01    0.89424E+00
    0.57526E+01    0.84935E+00
    0.58689E+01    0.80668E+00
    0.59874E+01    0.76612E+00
    0.61084E+01    0.72758E+00
    0.62318E+01    0.69094E+00
    0.63577E+01    0.65613E+00
    0.64861E+01    0.62304E+00
    0.66171E+01    0.59161E+00
    0.67508E+01    0.56173E+00
    0.68872E+01    0.53335E+00
    0.70263E+01    0.50638E+00
    0.71682E+01    0.48076E+00
    0.73130E+01    0.45641E+00
    0.74608E+01    0.43329E+00
    0.76115E+01    0.41132E+00
    0.77653E+01    0.39045E+00
    0.79221E+01    0.37063E+00
    0.80822E+01    0.35180E+00
    0.82454E+01    0.33391E+00
    0.84120E+01    0.31693E+00
    0.85819E+01    0.30079E+00
    0.87553E+01    0.28547E+00
    0.89322E+01    0.27092E+00
    0.91126E+01    0.25711E+00
    0.92967E+01    0.24399E+00
    0.94845E+01    0.23153E+00
    0.96761E+01    0.21970E+00
    0.98716E+01    0.20847E+00
    0.10071E+02    0.19780E+00
    0.10274E+02    0.18768E+00
    0.10482E+02    0.17806E+00
    0.10694E+02    0.16894E+00
    0.10910E+02    0.16028E+00
    0.11130E+02    0.15205E+00
    0.11355E+02    0.14425E+00
    0.11584E+02    0.13684E+00
    0.11818E+02    0.12980E+00
    0.12057E+02    0.12313E+00
    0.12301E+02    0.11679E+00
    0.12549E+02    0.11078E+00
    0.12803E+02    0.10507E+00
    0.13061E+02    0.99658E-01
    0.13325E+02    0.94519E-01
    0.13594E+02    0.89642E-01
    0.13869E+02    0.85014E-01
    0.14149E+02    0.80623E-01
    0.14435E+02    0.76457E-01
    0.14727E+02    0.72503E-01
    0.15024E+02    0.68752E-01
    0.15328E+02    0.65194E-01
    0.15637E+02    0.61817E-01
    0.15953E+02    0.58614E-01
    0.16275E+02    0.55576E-01
    0.16604E+02    0.52693E-01
    0.16940E+02    0.49958E-01
    0.17282E+02    0.47365E-01
    0.17631E+02    0.44904E-01
    0.17987E+02    0.42570E-01
    0.18351E+02    0.40357E-01
    0.18721E+02    0.38257E-01
    0.19099E+02    0.36266E-01
    0.19485E+02    0.34377E-01
    0.19879E+02    0.32586E-01
    0.20280E+02    0.30888E-01
    0.20690E+02    0.29277E-01
    0.21108E+02    0.27749E-01
    0.21535E+02    0.26301E-01
    0.21970E+02    0.24927E-01
    0.22413E+02    0.23625E-01
    0.22866E+02    0.22390E-01
    0.23328E+02    0.21219E-01
    0.23799E+02    0.20109E-01
    0.24280E+02    0.19056E-01
    0.24771E+02    0.18058E-01
    0.25271E+02    0.17112E-01
    0.25782E+02    0.16215E-01
    0.26302E+02    0.15365E-01
    0.26834E+02    0.14558E-01
    0.27376E+02    0.13794E-01
    0.27929E+02    0.13070E-01
    0.28493E+02    0.12383E-01
    0.29069E+02    0.11732E-01
    0.29656E+02    0.11115E-01
    0.30255E+02    0.10531E-01
    0.30866E+02    0.99764E-02
    0.31490E+02    0.94511E-02
    0.32126E+02    0.89532E-02
    0.32775E+02    0.84814E-02
    0.33437E+02    0.80342E-02
    0.34112E+02    0.76104E-02
    0.34801E+02    0.72088E-02
    0.35504E+02    0.68282E-02
    0.36222E+02    0.64675E-02
    0.36953E+02    0.61258E-02
    0.37700E+02    0.58019E-02
    0.38462E+02    0.54951E-02
    0.39239E+02    0.52043E-02
    0.40031E+02    0.49288E-02
    0.40840E+02    0.46678E-02
    0.41665E+02    0.44205E-02
    0.42507E+02    0.41862E-02
    0.43365E+02    0.39642E-02
    0.44241E+02    0.37539E-02
    0.45135E+02    0.35546E-02
    0.46047E+02    0.33659E-02
    0.46977E+02    0.31871E-02
    0.47926E+02    0.30177E-02
    0.48894E+02    0.28572E-02
    0.49882E+02    0.27052E-02
    0.50890E+02    0.25612E-02
    0.51918E+02    0.24249E-02
    0.52966E+02    0.22957E-02
    0.54036E+02    0.21733E-02
    0.55128E+02    0.20574E-02
    0.56242E+02    0.19477E-02
    0.57378E+02    0.18437E-02
    0.58537E+02    0.17453E-02
    0.59720E+02    0.16520E-02
    0.60926E+02    0.15637E-02
    0.62157E+02    0.14801E-02
    0.63412E+02    0.14009E-02
    0.64693E+02    0.13259E-02
    0.66000E+02    0.12549E-02
    0.67334E+02    0.11877E-02
    0.68694E+02    0.11240E-02
    0.70082E+02    0.10637E-02
    0.71497E+02    0.10066E-02
    0.72942E+02    0.95255E-03
    0.74415E+02    0.90137E-03
    0.75918E+02    0.85291E-03
    0.77452E+02    0.80704E-03
    0.79017E+02    0.76360E-03
    0.80613E+02    0.72248E-03
    0.82241E+02    0.68355E-03
    0.83903E+02    0.64669E-03
    0.85598E+02    0.61180E-03
    0.87327E+02    0.57877E-03
    0.89091E+02    0.54751E-03
    0.90891E+02    0.51791E-03
    0.92727E+02    0.48990E-03
    0.94600E+02    0.46338E-03
    0.96511E+02    0.43829E-03
    0.98461E+02    0.41453E-03
    0.10045E+03    0.39205E-03
    0.10248E+03    0.37077E-03
    0.10455E+03    0.35063E-03
    0.10666E+03    0.33157E-03
    0.10882E+03    0.31353E-03
    0.11101E+03    0.29646E-03
    0.11326E+03    0.28030E-03
    0.11554E+03    0.26502E-03
    0.11788E+03    0.25055E-03
    0.12026E+03    0.23686E-03
    0.12269E+03    0.22391E-03
    0.12517E+03    0.21166E-03
    0.12770E+03    0.20007E-03
    0.13028E+03    0.18910E-03
    0.13291E+03    0.17872E-03
    0.13559E+03    0.16890E-03
    0.13833E+03    0.15961E-03
    0.14113E+03    0.15082E-03
    0.14398E+03    0.14251E-03
    0.14689E+03    0.13465E-03
    0.14985E+03    0.12721E-03
    0.15288E+03    0.12018E-03
    0.15597E+03    0.11352E-03
    0.15912E+03    0.10723E-03
    0.16233E+03    0.10128E-03
    0.16561E+03    0.95648E-04
    0.16896E+03    0.90326E-04
    0.17237E+03    0.85292E-04
    0.17585E+03    0.80533E-04
    0.17941E+03    0.76033E-04
    0.18303E+03    0.71778E-04
    0.18673E+03    0.67755E-04
    0.19050E+03    0.63952E-04
    0.19435E+03    0.60356E-04
    0.19828E+03    0.56958E-04
    0.20228E+03    0.53745E-04
    0.20637E+03    0.50709E-04
    0.21054E+03    0.47839E-04
    0.21479E+03    0.45126E-04
    0.21913E+03    0.42563E-04
    0.22356E+03    0.40141E-04
    0.22807E+03    0.37853E-04
    0.23268E+03    0.35691E-04
    0.23738E+03    0.33648E-04
    0.24217E+03    0.31718E-04
    0.24707E+03    0.29896E-04
    0.25206E+03    0.28174E-04
    0.25715E+03    0.26548E-04
    0.26234E+03    0.25013E-04
    0.26764E+03    0.23563E-04
    0.27305E+03    0.22194E-04
    0.27857E+03    0.20902E-04
    0.28419E+03    0.19682E-04
    0.28994E+03    0.18531E-04
    0.29579E+03    0.17444E-04
    0.30177E+03    0.16419E-04
    0.30786E+03    0.15451E-04
    0.31408E+03    0.14539E-04
    0.32043E+03    0.13678E-04
    0.32690E+03    0.12866E-04
    0.33351E+03    0.12100E-04
    0.34024E+03    0.11378E-04
    0.34712E+03    0.10697E-04
    0.35413E+03    0.10056E-04
    0.36128E+03    0.94512E-05
    0.36858E+03    0.88815E-05
    0.37603E+03    0.83448E-05
    0.38362E+03    0.78392E-05
    0.39137E+03    0.73631E-05
    0.39928E+03    0.69148E-05
    0.40734E+03    0.64927E-05
    0.41557E+03    0.60954E-05
    0.42397E+03    0.57216E-05
    0.43253E+03    0.53698E-05
    0.44127E+03    0.50389E-05
    0.45019E+03    0.47277E-05
    0.45928E+03    0.44351E-05
    0.46856E+03    0.41600E-05
    0.47802E+03    0.39015E-05
    0.48768E+03    0.36586E-05
    0.49753E+03    0.34304E-05
    0.50758E+03    0.32160E-05
    0.51784E+03    0.30147E-05
    0.52830E+03    0.28258E-05
    0.53897E+03    0.26484E-05
    0.54986E+03    0.24819E-05
    0.56097E+03    0.23257E-05
    0.57230E+03    0.21791E-05
    0.58386E+03    0.20417E-05
    0.59565E+03    0.19128E-05
    0.60769E+03    0.17920E-05
    0.61996E+03    0.16788E-05
    0.63249E+03    0.15726E-05
    0.64526E+03    0.14732E-05
    0.65830E+03    0.13800E-05
    0.67160E+03    0.12927E-05
    0.68516E+03    0.12109E-05
    0.69901E+03    0.11342E-05
    0.71313E+03    0.10625E-05
    0.72753E+03    0.99524E-06
    0.74223E+03    0.93228E-06
    0.75722E+03    0.87331E-06
    0.77252E+03    0.81808E-06
    0.78813E+03    0.76636E-06
    0.80405E+03    0.71793E-06
    0.82029E+03    0.67258E-06
    0.83686E+03    0.63011E-06
    0.85377E+03    0.59033E-06
    0.87101E+03    0.55308E-06
    0.88861E+03    0.51819E-06
    0.90656E+03    0.48551E-06
    0.92488E+03    0.45491E-06
    0.94356E+03    0.42623E-06
    0.96262E+03    0.39937E-06
    0.98207E+03    0.37421E-06
    0.10019E+04    0.35064E-06
    0.10221E+04    0.32856E-06
    0.10428E+04    0.30787E-06
    0.10639E+04    0.28849E-06
    0.10854E+04    0.27034E-06
    0.11073E+04    0.25334E-06
    0.11296E+04    0.23741E-06
    0.11525E+04    0.22248E-06
    0.11757E+04    0.20851E-06
    0.11995E+04    0.19542E-06
    0.12237E+04    0.18315E-06
    0.12485E+04    0.17167E-06
    0.12737E+04    0.16091E-06
    0.12994E+04    0.15083E-06
    0.13257E+04    0.14139E-06
    0.13524E+04    0.13255E-06
    0.13798E+04    0.12427E-06
    0.14076E+04    0.11650E-06
    0.14361E+04    0.10923E-06
    0.14651E+04    0.10242E-06
    0.14947E+04    0.96036E-07
    0.15249E+04    0.90055E-07
    0.15557E+04    0.84449E-07
    0.15871E+04    0.79196E-07
    0.16192E+04    0.74273E-07
    0.16519E+04    0.69659E-07
    0.16852E+04    0.65335E-07
    0.17193E+04    0.61282E-07
    0.17540E+04    0.57483E-07
    0.17894E+04    0.53923E-07
    0.18256E+04    0.50585E-07
    0.18625E+04    0.47457E-07
    0.19001E+04    0.44525E-07
    0.19385E+04    0.41776E-07
    0.19776E+04    0.39198E-07
    0.20176E+04    0.36782E-07
    0.20583E+04    0.34517E-07
    0.20999E+04    0.32393E-07
    0.21424E+04    0.30402E-07
    0.21856E+04    0.28534E-07
    0.22298E+04    0.26783E-07
    0.22748E+04    0.25141E-07
    0.23208E+04    0.23601E-07
    0.23677E+04    0.22156E-07
    0.24155E+04    0.20801E-07
    0.24643E+04    0.19530E-07
    0.25141E+04    0.18338E-07
    0.25649E+04    0.17220E-07
    0.26167E+04    0.16171E-07
    0.26695E+04    0.15186E-07
    0.27235E+04    0.14263E-07
    0.27785E+04    0.13396E-07
    0.28346E+04    0.12583E-07
    0.28919E+04    0.11820E-07
    0.29503E+04    0.11104E-07
    0.30099E+04    0.10432E-07
    0.30707E+04    0.98010E-08
    0.31327E+04    0.92090E-08
    0.31960E+04    0.86533E-08
    0.32606E+04    0.81316E-08
    0.33264E+04    0.76418E-08
    0.33936E+04    0.71820E-08
    0.34622E+04    0.67503E-08
    0.35321E+04    0.63450E-08
    0.36035E+04    0.59643E-08
    0.36763E+04    0.56068E-08
    0.37506E+04    0.52711E-08
    0.38263E+04    0.49557E-08
    0.39036E+04    0.46596E-08
    0.39825E+04    0.43813E-08
    0.40629E+04    0.41200E-08
    0.41450E+04    0.38745E-08
    0.42287E+04    0.36439E-08
    0.43142E+04    0.34273E-08
    0.44013E+04    0.32237E-08
    0.44902E+04    0.30325E-08
    0.45809E+04    0.28528E-08
    0.46735E+04    0.26840E-08
    0.47679E+04    0.25253E-08
    0.48642E+04    0.23762E-08
    0.49625E+04    0.22361E-08
    0.50627E+04    0.21044E-08
    0.51650E+04    0.19805E-08
    0.52693E+04    0.18641E-08
    0.53758E+04    0.17545E-08
    0.54844E+04    0.16515E-08
    0.55952E+04    0.15545E-08
    0.57082E+04    0.14633E-08
    0.58235E+04    0.13774E-08
    0.59412E+04    0.12966E-08
